LabVIEW Measurement	
Writer_Version	2
Reader_Version	2
Separator	Tab
Decimal_Separator	.
Multi_Headings	No
X_Columns	No
Time_Pref	Absolute
Operator	mechlab
Description	Data file
Date	2024/02/16
Time	13:14:26.9359998703002929688
***End_of_Header***	

Channels	6						
Samples	1	1	1	1	1	1	
Date	2024/02/16	2024/02/16	2024/02/16	2024/02/16	2024/02/16	2024/02/16	
Time	13:14:26.9359998703002929688	13:14:27.0450000762939453125	13:14:27.1539998054504394531	13:14:27.2620000839233398438	13:14:27.3699998855590820312	13:14:27.4780001640319824219	
X_Dimension	Time	Time	Time	Time	Time	Time	
X0	0.0000000000000000E+0	0.0000000000000000E+0	0.0000000000000000E+0	0.0000000000000000E+0	0.0000000000000000E+0	0.0000000000000000E+0	
Delta_X	1.000000	1.000000	1.000000	1.000000	1.000000	1.000000	
***End_of_Header***							
X_Value	Untitled	Untitled 1	Untitled 2	Untitled 3	Untitled 4	Untitled 5	Comment
0.000000	161.957751	-37.338345	27.846950	-8.728973E-6	-0.032828
0.548000	318.709602	-37.338690	27.850987	-1.388642E-5	-0.032828
1.091000	460.479112	-37.317091	27.843462	-1.753855E-5	-0.032828
1.634000	569.561192	-37.330616	27.855201	-2.038776E-5	-0.028934
2.178000	633.200323	-37.319954	27.847245	-2.188433E-5	-0.025404
2.724000	683.196746	-37.325461	27.847352	-2.316498E-5	-0.022274
3.270000	716.278660	-37.299589	27.846960	-2.396042E-5	-0.019489
3.815000	746.468765	-37.303373	27.848013	-2.463797E-5	-0.017023
4.359000	758.192187	-37.300732	27.850814	-2.497923E-5	-0.014836
4.906000	784.284488	-37.281709	27.848375	-2.493331E-5	-0.012907
5.450000	795.550630	-37.282299	27.850776	-2.558728E-5	-0.011203
5.996000	809.869595	-37.290565	27.851647	-2.526712E-5	-0.009682
6.542000	820.048894	-37.303025	27.852898	-2.576970E-5	-0.008349
7.086000	828.552037	-37.275159	27.851784	-2.563443E-5	-0.007160
7.629000	838.608965	-37.279104	27.852318	-2.604394E-5	-0.006115
8.175000	857.756737	-37.275150	27.852867	-2.654155E-5	-0.005184
8.723000	859.407130	-37.267224	27.852998	-2.648447E-5	-0.004369
9.265000	878.627358	-37.256646	27.853094	-2.735560E-5	-0.003644
9.807000	881.377475	-37.258481	27.848737	-2.721662E-5	-0.003009
10.347000	893.661225	-37.260294	27.852149	-2.766087E-5	-0.002456
10.891000	900.847275	-37.236551	27.849558	-2.814110E-5	-0.001956
11.437000	917.695769	-37.251020	27.855300	-2.847367E-5	-0.001516
11.982000	927.912101	-37.244057	27.852892	-2.925793E-5	-0.001130
12.527000	938.563170	-37.232255	27.849752	-2.990321E-5	-0.000791
13.071000	955.825470	-37.242225	27.852901	-3.034498E-5	-0.000489
13.615000	966.610180	-37.224735	27.856041	-3.037104E-5	-0.000219
14.158000	974.789686	-37.221596	27.852974	-3.098529E-5	1.368902E-5
14.704000	981.991838	-37.214385	27.852330	-3.162808E-5	0.000223
15.246000	1010.215963	-37.206067	27.851842	-3.221131E-5	0.000399
15.788000	1017.814209	-37.189331	27.853681	-3.289877E-5	0.000564
16.331000	1041.170885	-37.201002	27.853503	-3.360113E-5	0.000705
16.873000	1054.543089	-37.205117	27.848344	-3.435684E-5	0.000833
17.416000	1061.126947	-37.185035	27.853336	-3.501204E-5	0.000944
17.958000	1080.147518	-37.173085	27.855856	-3.551585E-5	0.001033
18.501000	1087.517124	-37.193775	27.853948	-3.579753E-5	0.001123
19.043000	1116.826484	-37.182398	27.852945	-3.694785E-5	0.001192
19.585000	1127.748057	-37.177896	27.854751	-3.749012E-5	0.001261
20.128000	1150.819738	-37.186794	27.855742	-3.766881E-5	0.001321
20.673000	1159.422710	-37.169459	27.856295	-3.857342E-5	0.001370
21.216000	1178.203371	-37.174408	27.854821	-3.912066E-5	0.001413
21.759000	1200.341172	-37.151921	27.855973	-3.976840E-5	0.001458
22.302000	1221.746360	-37.146086	27.856347	-4.024615E-5	0.001498
22.851000	1228.304456	-37.146392	27.856368	-4.121404E-5	0.001525
23.395000	1248.585766	-37.132080	27.853336	-4.192631E-5	0.001548
23.940000	1272.166252	-37.141857	27.858596	-4.284953E-5	0.001575
24.482000	1280.682277	-37.138721	27.859635	-4.337566E-5	0.001589
25.024000	1304.882666	-37.130892	27.855695	-4.430260E-5	0.001607
25.571000	1331.887917	-37.119598	27.856716	-4.473070E-5	0.001625
26.114000	1348.473959	-37.107519	27.856361	-4.545910E-5	0.001642
26.660000	1365.747530	-37.112707	27.856258	-4.595545E-5	0.001648
27.201000	1381.010038	-37.100785	27.859534	-4.666399E-5	0.001662
27.745000	1395.324174	-37.112385	27.860208	-4.718516E-5	0.001667
28.286000	1413.425356	-37.106521	27.852455	-4.804384E-5	0.001679
28.831000	1436.933386	-37.093504	27.858005	-4.877844E-5	0.001691
29.372000	1458.361116	-37.088757	27.857125	-4.936661E-5	0.001692
29.915000	1470.791389	-37.083151	27.857967	-5.058266E-5	0.001698
30.459000	1504.155080	-37.068415	27.855308	-5.103930E-5	0.001708
31.000000	1512.986692	-37.066373	27.854668	-5.129119E-5	0.001708
31.543000	1533.491813	-37.071055	27.855399	-5.202950E-5	0.001715
32.087000	1552.233831	-37.063211	27.860202	-5.295394E-5	0.001715
32.632000	1574.490783	-37.062013	27.856951	-5.341554E-5	0.001718
33.175000	1594.762434	-37.056367	27.857357	-5.371087E-5	0.001724
33.718000	1611.102125	-37.057453	27.858712	-5.466260E-5	0.001724
34.262000	1617.948436	-37.048046	27.859587	-5.552624E-5	0.001730
34.805000	1646.955091	-37.048185	27.854218	-5.642089E-5	0.001731
35.348000	1651.608393	-37.049833	27.856964	-5.648790E-5	0.001734
35.892000	1671.947670	-37.032579	27.856270	-5.747313E-5	0.001729
36.435000	1699.207324	-37.032601	27.856295	-5.817172E-5	0.001731
36.979000	1718.124848	-37.037616	27.859211	-5.855390E-5	0.001733
37.525000	1734.775296	-37.020429	27.852932	-5.948081E-5	0.001730
38.065000	1744.732396	-37.028937	27.855373	-5.993248E-5	0.001731
38.613000	1770.198356	-37.009972	27.855634	-6.082340E-5	0.001733
39.156000	1797.883087	-37.000978	27.856403	-6.152572E-5	0.001736
39.701000	1814.000579	-37.010233	27.855589	-6.175527E-5	0.001734
40.247000	1837.714708	-36.994792	27.855122	-6.218212E-5	0.001735
40.791000	1851.674614	-36.997065	27.852608	-6.283232E-5	0.001737
41.335000	1877.470653	-36.991929	27.856719	-6.359046E-5	0.001733
41.878000	1894.621854	-36.983688	27.855350	-6.452853E-5	0.001728
42.425000	1908.448119	-36.988786	27.858405	-6.495786E-5	0.001732
42.968000	1933.806200	-36.965828	27.853131	-6.607088E-5	0.001734
43.513000	1948.018898	-36.969213	27.854437	-6.750899E-5	0.001729
44.056000	1974.376875	-36.979511	27.852777	-6.778073E-5	0.001727
44.600000	1989.734382	-36.952625	27.853825	-6.818400E-5	0.001719
45.141000	2007.368626	-36.954960	27.854994	-6.913695E-5	0.001723
45.685000	2033.385254	-36.955407	27.853776	-7.012464E-5	0.001726
46.225000	2053.152933	-36.952464	27.854048	-7.090263E-5	0.001721
46.768000	2069.991768	-36.946071	27.851384	-7.237547E-5	0.001722
47.312000	2090.987982	-36.948290	27.857239	-7.333461E-5	0.001727
47.859000	2123.263222	-36.943350	27.858086	-7.434959E-5	0.001716
48.405000	2140.947380	-36.931232	27.857479	-7.474168E-5	0.001716
48.946000	2165.827251	-36.933741	27.858113	-7.616861E-5	0.001717
49.492000	2184.868757	-36.919150	27.857083	-7.669719E-5	0.001718
50.035000	2201.979706	-36.923771	27.855680	-7.744663E-5	0.001715
50.580000	2234.225964	-36.905827	27.855442	-7.837350E-5	0.001713
51.121000	2253.834239	-36.913723	27.857302	-7.959320E-5	0.001709
51.667000	2280.691361	-36.913095	27.859551	-8.015280E-5	0.001710
52.210000	2310.358176	-36.909212	27.857527	-8.114791E-5	0.001725
52.753000	2337.023691	-36.896981	27.856284	-8.196310E-5	0.001731
53.296000	2345.344891	-36.890486	27.856658	-8.292595E-5	0.001727
53.841000	2370.836615	-36.896852	27.855724	-8.418410E-5	0.001729
54.385000	2400.561396	-36.875556	27.855418	-8.506257E-5	0.001731
54.927000	2420.391871	-36.874323	27.857455	-8.594104E-5	0.001731
55.472000	2439.649136	-36.868362	27.850231	-8.653041E-5	0.001732
56.015000	2470.257884	-36.868091	27.855746	-8.766695E-5	0.001733
56.559000	2493.327959	-36.866536	27.854144	-8.826997E-5	0.001735
57.102000	2520.371858	-36.865380	27.857423	-8.925141E-5	0.001732
57.643000	2540.170131	-36.863644	27.855436	-9.014724E-5	0.001726
58.187000	2570.935062	-36.846651	27.855107	-9.055173E-5	0.001717
58.732000	2593.818362	-36.850734	27.855167	-9.131480E-5	0.001719
59.273000	2624.668631	-36.832481	27.858978	-9.275408E-5	0.001720
59.820000	2644.708425	-36.840645	27.856313	-9.377398E-5	0.001714
60.365000	2672.974421	-36.828021	27.853186	-9.501473E-5	0.001709
60.908000	2700.063405	-36.822224	27.851700	-9.583239E-5	0.001705
61.453000	2720.536327	-36.814953	27.852895	-9.627906E-5	0.001708
61.996000	2748.723427	-36.825119	27.852967	-9.747141E-5	0.001701
62.541000	2772.147734	-36.809131	27.854181	-9.846153E-5	0.001700
63.085000	2806.240825	-36.808548	27.857550	-9.947025E-5	0.001709
63.631000	2824.176168	-36.815542	27.856456	-0.000101	0.001710
64.173000	2854.852543	-36.799444	27.857981	-0.000101	0.001713
64.720000	2879.429711	-36.797238	27.854325	-0.000102	0.001718
65.305000	2914.959047	-36.787474	27.855548	-0.000104	0.001685
65.850000	2933.891066	-36.797534	27.856241	-0.000105	0.001687
66.400000	2962.904169	-36.773952	27.858097	-0.000106	0.001689
66.944000	2984.972740	-36.786907	27.853882	-0.000107	0.001692
67.488000	3019.777514	-36.774090	27.853832	-0.000108	0.001689
68.033000	3039.527485	-36.775539	27.848538	-0.000110	0.001682
68.581000	3068.901259	-36.764581	27.856933	-0.000111	0.001689
69.126000	3103.726966	-36.753590	27.856407	-0.000112	0.001691
69.670000	3126.078922	-36.751471	27.854413	-0.000113	0.001693
70.214000	3154.298227	-36.756694	27.854257	-0.000114	0.001694
70.760000	3180.258506	-36.746705	27.857163	-0.000115	0.001696
71.306000	3220.099798	-36.733118	27.853149	-0.000117	0.001694
71.849000	3236.608559	-36.738503	27.855403	-0.000118	0.001687
72.392000	3256.414886	-36.740377	27.853526	-0.000119	0.001689
72.938000	3299.413662	-36.725924	27.852049	-0.000121	0.001688
73.482000	3324.538280	-36.729173	27.856996	-0.000122	0.001687
74.024000	3351.435662	-36.733260	27.854003	-0.000124	0.001686
74.567000	3382.226361	-36.711255	27.853515	-0.000125	0.001689
75.109000	3415.139225	-36.712624	27.853779	-0.000127	0.001689
75.653000	3443.764287	-36.708396	27.857318	-0.000128	0.001677
76.190000	3470.444301	-36.706760	27.852639	-0.000130	0.001673
76.734000	3503.819275	-36.693186	27.854685	-0.000131	0.001670
77.276000	3528.246704	-36.688507	27.857210	-0.000132	0.001676
77.822000	3564.352476	-36.701044	27.853605	-0.000134	0.001676
78.365000	3598.442353	-36.679471	27.855754	-0.000136	0.001674
78.909000	3620.346694	-36.678173	27.854771	-0.000137	0.001677
79.456000	3650.163261	-36.672872	27.856014	-0.000139	0.001672
79.997000	3689.004661	-36.665028	27.853901	-0.000140	0.001669
80.541000	3719.774432	-36.660448	27.855221	-0.000142	0.001670
81.084000	3748.792370	-36.667102	27.854416	-0.000143	0.001668
81.628000	3784.738741	-36.648929	27.858606	-0.000146	0.001670
82.173000	3823.061678	-36.665669	27.855656	-0.000147	0.001666
82.719000	3842.051666	-36.652114	27.854564	-0.000149	0.001666
83.260000	3871.190367	-36.634515	27.856880	-0.000150	0.001667
83.806000	3915.047355	-36.632709	27.854816	-0.000152	0.001669
84.350000	3938.234979	-36.632161	27.859166	-0.000153	0.001662
84.892000	3967.893755	-36.633871	27.854866	-0.000155	0.001663
85.438000	4000.949927	-36.629459	27.854880	-0.000156	0.001658
85.981000	4027.581641	-36.641790	27.852257	-0.000157	0.001654
86.523000	4067.661243	-36.622655	27.852830	-0.000159	0.001659
87.065000	4092.128929	-36.605854	27.853790	-0.000161	0.001654
87.612000	4121.013230	-36.610579	27.855809	-0.000162	0.001655
88.154000	4171.584505	-36.607609	27.858168	-0.000163	0.001646
88.698000	4193.300463	-36.595012	27.855996	-0.000165	0.001648
89.241000	4225.992746	-36.602190	27.853663	-0.000167	0.001651
89.786000	4222.566367	-36.583354	27.853276	-0.000166	0.001657
90.332000	4213.860341	-36.595221	27.856655	-0.000166	0.001651
90.875000	4219.972432	-36.601906	27.853415	-0.000166	0.001648
91.422000	4199.130780	-36.577042	27.851845	-0.000163	0.001649
91.966000	4094.883879	-36.580997	27.853260	-0.000160	0.001658
92.511000	4023.276126	-36.594767	27.854980	-0.000157	0.001662
93.052000	3930.907233	-36.587125	27.853800	-0.000153	0.001665
93.596000	3856.096916	-36.588767	27.849913	-0.000151	0.001667
94.139000	3772.231175	-36.593833	27.854982	-0.000148	0.001669
94.681000	3689.597193	-36.605616	27.853676	-0.000145	0.001667
95.225000	3622.398011	-36.601652	27.847868	-0.000142	0.001667
95.769000	3545.893835	-36.599359	27.850182	-0.000139	0.001666
96.315000	3466.879451	-36.614520	27.854515	-0.000136	0.001670
96.857000	3407.534535	-36.602766	27.853690	-0.000134	0.001666
97.401000	3334.323098	-36.605217	27.853252	-0.000132	0.001671
97.941000	3262.254862	-36.605484	27.852114	-0.000130	0.001673
98.487000	3185.763573	-36.606959	27.857801	-0.000127	0.001676
99.028000	3109.744057	-36.607477	27.849182	-0.000124	0.001678
99.572000	3056.831653	-36.601098	27.854587	-0.000122	0.001674
100.114000	2984.396310	-36.607832	27.852262	-0.000120	0.001677
100.658000	2911.571314	-36.609493	27.855540	-0.000118	0.001678
101.201000	2850.489065	-36.611158	27.849273	-0.000115	0.001679
101.747000	2767.463838	-36.616671	27.853977	-0.000112	0.001684
102.293000	2708.350793	-36.624394	27.852644	-0.000110	0.001681
102.837000	2635.807575	-36.615283	27.850331	-0.000107	0.001686
103.381000	2570.915741	-36.618639	27.851885	-0.000105	0.001685
103.927000	2505.510273	-36.635571	27.851682	-0.000102	0.001681
104.472000	2435.247016	-36.617644	27.849170	-9.915262E-5	0.001679
105.015000	2373.754188	-36.629730	27.851082	-9.678156E-5	0.001683
105.563000	2300.879286	-36.645516	27.847856	-9.408293E-5	0.001683
106.106000	2232.066767	-36.627414	27.846543	-9.207663E-5	0.001689
106.650000	2169.450064	-36.635137	27.850518	-8.940030E-5	0.001691
107.191000	2106.313287	-36.634277	27.848262	-8.730589E-5	0.001694
107.735000	2039.793608	-36.647870	27.848731	-8.457246E-5	0.001699
108.277000	1971.784551	-36.636634	27.850845	-8.243832E-5	0.001697
108.818000	1908.494813	-36.649161	27.849341	-7.995179E-5	0.001702
109.360000	1838.703333	-36.646620	27.847691	-7.759676E-5	0.001708
109.904000	1781.937880	-36.640695	27.851190	-7.569710E-5	0.001711
110.448000	1759.336357	-36.652951	27.849537	-7.732379E-5	0.001712
110.991000	1830.547979	-36.656932	27.845871	-7.980413E-5	0.001716
111.536000	1903.802868	-36.635610	27.848127	-8.216411E-5	0.001718
112.079000	1985.955386	-36.631002	27.850855	-8.480449E-5	0.001714
112.627000	2066.399547	-36.633865	27.846013	-8.695723E-5	0.001718
113.169000	2146.466938	-36.636061	27.849145	-8.987055E-5	0.001720
113.713000	2211.944857	-36.641265	27.846087	-9.262380E-5	0.001717
114.257000	2300.785898	-36.637355	27.845723	-9.626417E-5	0.001717
114.798000	2406.797465	-36.628599	27.847478	-9.913153E-5	0.001716
115.340000	2487.769758	-36.625991	27.848501	-0.000103	0.001716
115.881000	2579.682949	-36.638157	27.848905	-0.000106	0.001723
116.426000	2675.417002	-36.637523	27.847108	-0.000109	0.001720
116.969000	2753.412152	-36.604080	27.854135	-0.000112	0.001716
117.515000	2850.975327	-36.630184	27.850716	-0.000116	0.001713
118.060000	2940.194762	-36.626983	27.850610	-0.000119	0.001697
118.604000	3018.152883	-36.613448	27.851808	-0.000122	0.001691
119.146000	3111.489448	-36.622455	27.849093	-0.000125	0.001685
119.690000	3221.147999	-36.603140	27.848697	-0.000131	0.001694
120.232000	3389.624953	-36.604238	27.853645	-0.000137	0.001708
120.773000	3564.162479	-36.602022	27.853402	-0.000143	0.001703
121.320000	3725.899403	-36.587788	27.854320	-0.000150	0.001698
121.862000	3889.600705	-36.596606	27.852460	-0.000155	0.001689
122.410000	4046.993487	-36.589978	27.852439	-0.000161	0.001692
122.953000	4166.264603	-36.587083	27.855126	-0.000164	0.001681
123.495000	4236.378148	-36.570122	27.852872	-0.000167	0.001678
124.040000	4286.843157	-36.572920	27.854798	-0.000169	0.001677
124.586000	4341.636222	-36.576272	27.859131	-0.000171	0.001674
125.131000	4377.345909	-36.559179	27.857300	-0.000173	0.001676
125.679000	4418.156519	-36.579528	27.855118	-0.000175	0.001667
126.224000	4468.043491	-36.560631	27.857511	-0.000178	0.001666
126.767000	4513.972738	-36.550507	27.856772	-0.000180	0.001662
127.309000	4543.760331	-36.549689	27.853574	-0.000182	0.001659
127.853000	4582.360222	-36.539200	27.857162	-0.000184	0.001658
128.399000	4617.277722	-36.545390	27.857688	-0.000187	0.001657
128.943000	4660.049487	-36.528683	27.859901	-0.000188	0.001650
129.488000	4686.993574	-36.526325	27.856803	-0.000191	0.001643
130.032000	4730.707272	-36.527584	27.859690	-0.000193	0.001644
130.576000	4760.832997	-36.523958	27.855923	-0.000195	0.001631
131.121000	4797.652075	-36.505731	27.857601	-0.000197	0.001612
131.665000	4838.995648	-36.498312	27.859769	-0.000199	0.001618
132.209000	4870.916681	-36.508649	27.858757	-0.000201	0.001611
132.752000	4903.773205	-36.502592	27.858014	-0.000204	0.001624
133.296000	4943.889853	-36.499600	27.853817	-0.000206	0.001626
133.840000	4981.758746	-36.503126	27.853996	-0.000208	0.001630
134.385000	5004.815957	-36.475361	27.855762	-0.000210	0.001626
134.932000	5047.933908	-36.487556	27.856964	-0.000213	0.001626
135.476000	5085.326200	-36.481286	27.860124	-0.000215	0.001623
136.021000	5111.423357	-36.471905	27.855056	-0.000218	0.001622
136.566000	5149.174712	-36.467332	27.860189	-0.000220	0.001616
137.109000	5189.194755	-36.470327	27.856431	-0.000223	0.001615
137.653000	5224.791744	-36.464118	27.855664	-0.000226	0.001608
138.201000	5258.429191	-36.457047	27.860880	-0.000229	0.001604
138.743000	5297.816450	-36.459597	27.857320	-0.000231	0.001599
139.289000	5336.846260	-36.438018	27.856244	-0.000234	0.001595
139.835000	5366.703098	-36.441927	27.861778	-0.000237	0.001591
140.381000	5410.194608	-36.429719	27.860181	-0.000240	0.001593
140.927000	5429.603244	-36.443370	27.857518	-0.000243	0.001592
141.471000	5472.276804	-36.421195	27.854196	-0.000246	0.001592
142.016000	5498.650910	-36.422650	27.863905	-0.000249	0.001586
142.559000	5534.254343	-36.420512	27.860582	-0.000252	0.001584
143.104000	5567.035199	-36.416091	27.859344	-0.000256	0.001585
143.646000	5616.635588	-36.408397	27.863702	-0.000259	0.001577
144.189000	5656.629876	-36.419488	27.862912	-0.000262	0.001579
144.731000	5692.748557	-36.394634	27.862326	-0.000266	0.001577
145.276000	5729.543497	-36.392627	27.859128	-0.000270	0.001572
145.819000	5759.384239	-36.391674	27.861384	-0.000274	0.001577
146.362000	5802.394325	-36.381704	27.859308	-0.000278	0.001568
146.904000	5826.122972	-36.377650	27.858435	-0.000282	0.001560
147.450000	5868.327989	-36.370655	27.858641	-0.000286	0.001560
147.991000	5911.521632	-36.381778	27.856970	-0.000290	0.001553
148.538000	5934.348602	-36.367689	27.854307	-0.000294	0.001551
149.081000	5976.395827	-36.357635	27.858777	-0.000299	0.001542
149.625000	6009.387618	-36.356412	27.858563	-0.000304	0.001531
150.165000	6054.386233	-36.347395	27.859392	-0.000309	0.001517
150.708000	6092.866997	-36.353291	27.857788	-0.000314	0.001503
151.253000	6127.103429	-36.346358	27.861070	-0.000319	0.001507
151.800000	6165.597076	-36.336716	27.861509	-0.000325	0.001512
152.343000	6186.718909	-36.327335	27.858508	-0.000330	0.001529
152.884000	6227.849968	-36.318979	27.860994	-0.000336	0.001530
153.428000	6266.230906	-36.328607	27.864936	-0.000343	0.001527
153.969000	6298.217975	-36.323719	27.859810	-0.000349	0.001521
154.513000	6330.997232	-36.329403	27.861186	-0.000355	0.001506
155.055000	6362.586597	-36.315485	27.864486	-0.000362	0.001495
155.602000	6396.811763	-36.304233	27.860719	-0.000368	0.001491
156.143000	6430.610241	-36.306039	27.861630	-0.000376	0.001482
156.689000	6473.963301	-36.299232	27.865341	-0.000383	0.001476
157.234000	6514.558189	-36.290321	27.869161	-0.000391	0.001472
157.779000	6537.071187	-36.278039	27.864327	-0.000399	0.001463
158.321000	6573.244628	-36.287545	27.865965	-0.000407	0.001453
158.866000	6610.583811	-36.293654	27.861973	-0.000416	0.001449
159.410000	6634.940423	-36.273369	27.862517	-0.000425	0.001444
159.954000	6670.318455	-36.282183	27.864728	-0.000434	0.001432
160.499000	6696.439784	-36.266655	27.865585	-0.000444	0.001426
161.045000	6744.594291	-36.274023	27.866393	-0.000454	0.001416
161.588000	6769.347000	-36.256144	27.868312	-0.000464	0.001409
162.132000	6801.266450	-36.267953	27.865219	-0.000474	0.001393
162.678000	6823.676404	-36.262842	27.869201	-0.000486	0.001387
163.222000	6865.092471	-36.233840	27.868211	-0.000498	0.001379
163.766000	6894.686878	-36.251139	27.868908	-0.000510	0.001368
164.310000	6920.006358	-36.244831	27.869486	-0.000523	0.001359
164.854000	6955.423039	-36.233080	27.870829	-0.000535	0.001344
165.399000	6976.643099	-36.240986	27.869953	-0.000549	0.001324
165.941000	7009.576942	-36.213951	27.873151	-0.000563	0.001311
166.489000	7037.010541	-36.218321	27.877226	-0.000578	0.001305
167.028000	7069.252024	-36.214080	27.875307	-0.000593	0.001289
167.575000	7089.805487	-36.204499	27.878018	-0.000611	0.001282
168.117000	7113.852958	-36.202909	27.875616	-0.000628	0.001279
168.660000	7138.708721	-36.208518	27.873405	-0.000646	0.001262
169.202000	7144.323286	-36.182302	27.878332	-0.000664	0.001247
169.748000	7186.410790	-36.207150	27.871331	-0.000684	0.001235
170.291000	7202.451025	-36.191100	27.874030	-0.000706	0.001219
170.835000	7228.202029	-36.183471	27.877077	-0.000728	0.001205
171.382000	7243.347026	-36.161453	27.879743	-0.000751	0.001197
171.922000	7260.617410	-36.174119	27.875553	-0.000775	0.001176
172.466000	7279.330483	-36.178553	27.879927	-0.000799	0.001156
173.008000	7300.566648	-36.168068	27.880807	-0.000826	0.001138
173.552000	7320.387499	-36.151206	27.877220	-0.000852	0.001118
174.096000	7336.134690	-36.152862	27.887300	-0.000879	0.001087
174.640000	7348.455498	-36.145072	27.885263	-0.000908	0.001072
175.184000	7366.358670	-36.147493	27.887509	-0.000937	0.001045
175.727000	7386.264858	-36.129843	27.889296	-0.000969	0.001022
176.269000	7401.005711	-36.137620	27.891853	-0.001000	0.000998
176.811000	7402.367892	-36.131273	27.893227	-0.001033	0.000968
177.355000	7409.330147	-36.148083	27.890164	-0.001066	0.000942
177.897000	7439.951834	-36.124507	27.894230	-0.001100	0.000920
178.443000	7440.344709	-36.116662	27.893550	-0.001134	0.000895
178.989000	7464.635316	-36.110843	27.897969	-0.001170	0.000859
179.537000	7471.005039	-36.107906	27.902616	-0.001205	0.000832
180.078000	7484.052023	-36.114807	27.903870	-0.001241	0.000806
180.622000	7490.449118	-36.108106	27.903841	-0.001277	0.000771
181.166000	7510.751403	-36.100422	27.907752	-0.001313	0.000744
181.709000	7516.146991	-36.077906	27.912109	-0.001348	0.000711
182.252000	7525.964029	-36.092162	27.914027	-0.001408	0.000669
182.796000	7750.139341	-36.060706	27.915560	-0.001603	0.000605
183.344000	7798.746328	-36.037481	27.916283	-0.001809	0.000533
183.887000	7843.770748	-36.015193	27.920075	-0.002011	0.000446
184.431000	7881.741134	-35.999919	27.924680	-0.002211	0.000353
184.972000	7930.441512	-35.973487	27.933328	-0.002408	0.000242
185.520000	7982.349297	-35.951804	27.937629	-0.002605	0.000118
186.062000	8037.958801	-35.936733	27.945340	-0.002802	-1.751414E-5
186.609000	8070.045729	-35.904643	27.952288	-0.002995	-0.000154
187.152000	8121.765132	-35.886937	27.965373	-0.003183	-0.000307
187.688000	8165.652800	-35.875000	27.972929	-0.003374	-0.000455
188.234000	8208.310320	-35.836395	27.985502	-0.003560	-0.000608
188.777000	8248.544576	-35.825674	27.993910	-0.003749	-0.000770
189.320000	8295.411012	-35.792637	28.004341	-0.003934	-0.000928
189.862000	8329.578251	-35.769860	28.016280	-0.004121	-0.001089
190.410000	8383.791774	-35.756254	28.027491	-0.004309	-0.001270
190.953000	8431.479387	-35.734616	28.037909	-0.004489	-0.001439
191.496000	8470.002066	-35.700201	28.044863	-0.004672	-0.001605
192.039000	8510.374801	-35.685909	28.054553	-0.004855	-0.001783
192.581000	8542.909359	-35.660594	28.060065	-0.005039	-0.001958
193.125000	8587.500671	-35.619480	28.076089	-0.005221	-0.002132
193.669000	8633.186883	-35.626578	28.085818	-0.005404	-0.002309
194.215000	8668.866054	-35.585947	28.092120	-0.005586	-0.002489
194.758000	8697.193311	-35.558381	28.104057	-0.005767	-0.002664
195.305000	8745.553974	-35.540734	28.110755	-0.005948	-0.002849
195.848000	8783.307012	-35.526980	28.120688	-0.006131	-0.003027
196.396000	8821.874785	-35.498062	28.132988	-0.006313	-0.003206
196.941000	8856.339912	-35.468731	28.137494	-0.006493	-0.003383
197.483000	8896.152327	-35.452761	28.149763	-0.006673	-0.003562
198.027000	8928.731977	-35.434261	28.155348	-0.004565	-0.003463
198.570000	8965.684779	-35.408517	28.171261	-0.004626	-0.003387
199.115000	8997.609103	-35.378092	28.174820	-0.004693	-0.003330
199.660000	9033.798698	-35.373174	28.193427	-0.004762	-0.003289
200.208000	9070.347356	-35.357350	28.195812	-0.004837	-0.003259
200.748000	9100.727554	-35.308633	28.207518	-0.004922	-0.003243
201.297000	9139.084405	-35.296299	28.216784	-0.004998	-0.003247
201.840000	9175.030872	-35.267468	28.225375	-0.005074	-0.003253
202.385000	9211.602077	-35.257101	28.232366	-0.002738	-0.002975
202.927000	9234.176299	-35.224576	28.245718	-0.002753	-0.002737
203.472000	9275.313873	-35.204894	28.250017	-0.002762	-0.002527
204.015000	9306.458893	-35.184164	28.265943	-0.002766	-0.002338
204.558000	9335.610556	-35.159523	28.274152	-0.002770	-0.002176
205.102000	9363.380715	-35.131158	28.280582	-0.002774	-0.002039
205.646000	9400.462340	-35.112036	28.287294	-0.002778	-0.001920
206.193000	9427.071586	-35.083945	28.305911	-0.002789	-0.001807
206.737000	9462.382054	-35.073044	28.311747	-0.002795	-0.001717
207.281000	9484.342814	-35.036532	28.321521	-0.002797	-0.001630
207.823000	9525.338704	-35.009942	28.330322	-0.002798	-0.001555
208.370000	9548.508684	-35.000581	28.338233	-0.002796	-0.001487
208.914000	9580.455562	-34.979272	28.348053	-0.002783	-0.001432
209.461000	9602.081415	-34.949329	28.354364	-0.002774	-0.001371
210.004000	9640.560651	-34.930751	28.364698	-0.002763	-0.001329
210.548000	9666.021869	-34.908026	28.376602	-0.002729	-0.001284
211.092000	9692.001555	-34.872683	28.383645	-0.002710	-0.001238
211.633000	9730.469523	-34.874396	28.393548	-0.002698	-0.001196
212.178000	9758.519856	-34.832287	28.404379	-0.002702	-0.001166
212.722000	9777.873797	-34.826381	28.412958	-0.002724	-0.001133
213.266000	9812.142509	-34.805780	28.422885	-0.002731	-0.001114
213.810000	9841.627483	-34.783428	28.436912	-0.002731	-0.001091
214.355000	9862.570638	-34.757006	28.446489	-0.002682	-0.001064
214.896000	9890.200726	-34.718420	28.454472	-0.002704	-0.001044
215.442000	9918.338009	-34.692722	28.462467	-0.002717	-0.001030
215.987000	9936.439259	-34.693288	28.475010	-0.002727	-0.001024
216.532000	9970.780433	-34.667104	28.483860	-0.002734	-0.001009
217.074000	9996.064542	-34.639161	28.491098	-0.002741	-0.001002
217.622000	10018.237850	-34.612182	28.502100	-0.002747	-0.001002
218.167000	10044.792364	-34.600605	28.514784	-0.002753	-0.001002
218.713000	10072.712282	-34.569683	28.520827	-0.002749	-0.001000
219.258000	10093.571713	-34.547180	28.529589	-0.002753	-0.000993
219.804000	10123.314315	-34.526460	28.536283	-0.002758	-0.000988
220.349000	10142.244794	-34.503377	28.546661	-0.002761	-0.000982
220.892000	10172.732896	-34.476001	28.555499	-0.002764	-0.000985
221.438000	10191.983793	-34.454029	28.565001	-0.002767	-0.000980
221.981000	10215.693184	-34.434472	28.574952	-0.002768	-0.000985
222.526000	10244.242672	-34.416190	28.583642	-0.002768	-0.000981
223.071000	10268.040621	-34.396446	28.595625	-0.002767	-0.000979
223.614000	10284.430292	-34.361103	28.604742	-0.002765	-0.000973
224.162000	10308.875521	-34.334726	28.610719	-0.002759	-0.000977
224.705000	10335.462244	-34.304751	28.624030	-0.002740	-0.000977
225.251000	10353.053084	-34.296542	28.634801	-0.002721	-0.000968
225.793000	10378.467621	-34.274722	28.645357	-0.002703	-0.000962
226.336000	10402.718025	-34.251384	28.651302	-0.002681	-0.000946
226.878000	10422.893149	-34.222102	28.661425	-0.002643	-0.000939
227.422000	10435.376609	-34.209494	28.674318	-0.002618	-0.000923
227.965000	10462.082486	-34.171816	28.684551	-0.002604	-0.000915
228.510000	10480.765006	-34.156317	28.690647	-0.002593	-0.000900
229.054000	10508.768661	-34.136219	28.705763	-0.002584	-0.000886
229.597000	10531.315532	-34.116430	28.710948	-0.002578	-0.000872
230.142000	10547.204451	-34.081042	28.724194	-0.002574	-0.000860
230.686000	10566.529421	-34.073848	28.732639	-0.002570	-0.000846
231.231000	10593.871308	-34.035816	28.738700	-0.002563	-0.000838
231.772000	10619.525763	-34.024084	28.749516	-0.002548	-0.000825
232.318000	10626.864808	-33.996277	28.759863	-0.002537	-0.000813
232.861000	10645.022423	-33.975574	28.770110	-0.002530	-0.000805
233.407000	10668.820381	-33.958503	28.775620	-0.002524	-0.000793
233.949000	10683.575758	-33.938508	28.784270	-0.002518	-0.000792
234.492000	10707.183719	-33.913554	28.795768	-0.002513	-0.000788
235.034000	10723.594327	-33.893488	28.806542	-0.002507	-0.000779
235.578000	10750.406479	-33.860219	28.816453	-0.002502	-0.000776
236.124000	10771.298126	-33.839081	28.824154	-0.002497	-0.000770
236.664000	10781.672297	-33.820628	28.832167	-0.002492	-0.000758
237.209000	10817.660674	-33.798089	28.841168	-0.002487	-0.000750
237.753000	10819.021247	-33.779872	28.847729	-0.002481	-0.000744
238.297000	10838.560371	-33.750300	28.860894	-0.002471	-0.000739
238.839000	10863.844497	-33.717488	28.872127	-0.002436	-0.000721
239.385000	10875.939916	-33.705286	28.879062	-0.002399	-0.000713
239.929000	10897.825023	-33.684277	28.885644	-0.002384	-0.000692
240.472000	10919.438017	-33.649807	28.897056	-0.002373	-0.000676
241.016000	10937.713179	-33.636278	28.903290	-0.002365	-0.000669
241.561000	10950.700619	-33.616084	28.913243	-0.002357	-0.000661
242.106000	10961.847661	-33.603750	28.925418	-0.002350	-0.000652
242.646000	10992.773743	-33.568201	28.934668	-0.002343	-0.000636
243.192000	11008.933173	-33.550789	28.945196	-0.002337	-0.000625
243.735000	11027.160031	-33.521967	28.951833	-0.002329	-0.000623
244.275000	11035.566606	-33.495074	28.961219	-0.002321	-0.000610
244.818000	11062.652490	-33.472841	28.973495	-0.002313	-0.000592
245.362000	11072.704635	-33.454279	28.976345	-0.002301	-0.000598
245.905000	11090.311587	-33.421474	28.990954	-0.002293	-0.000590
246.451000	11104.413250	-33.404290	28.999907	-0.002286	-0.000583
246.993000	11135.105865	-33.385506	29.009421	-0.002281	-0.000576
247.540000	11147.851786	-33.364339	29.017488	-0.002278	-0.000570
248.085000	11149.705065	-33.335846	29.028220	-0.002274	-0.000555
248.628000	11178.409148	-33.306666	29.035041	-0.002268	-0.000531
249.173000	11192.423865	-33.292243	29.044557	-0.002258	-0.000512
249.717000	11208.436774	-33.260700	29.053603	-0.002251	-0.000504
250.261000	11217.210463	-33.244479	29.061522	-0.002246	-0.000494
250.803000	11242.166128	-33.230718	29.075054	-0.002240	-0.000483
251.350000	11254.089265	-33.207590	29.083667	-0.002234	-0.000480
251.892000	11271.929691	-33.186603	29.092848	-0.002226	-0.000471
252.438000	11285.997545	-33.161575	29.097584	-0.002216	-0.000459
252.982000	11301.071738	-33.145561	29.107696	-0.002213	-0.000456
253.530000	11317.656251	-33.118681	29.117017	-0.002210	-0.000450
254.076000	11336.578697	-33.086800	29.130928	-0.002208	-0.000441
254.618000	11357.114510	-33.072289	29.135296	-0.002206	-0.000436
255.165000	11361.492500	-33.027913	29.142731	-0.002205	-0.000437
255.707000	11375.107903	-33.026267	29.153174	-0.002204	-0.000437
256.253000	11394.426446	-32.998344	29.165429	-0.002202	-0.000437
256.796000	11406.510599	-32.993311	29.171168	-0.002199	-0.000437
257.343000	11427.587423	-32.955285	29.184691	-0.002197	-0.000444
257.884000	11434.106909	-32.932643	29.198028	-0.002194	-0.000446
258.430000	11455.006617	-32.908684	29.203348	-0.002193	-0.000440
258.973000	11467.093991	-32.893043	29.213494	-0.002192	-0.000444
259.517000	11483.816979	-32.875895	29.219545	-0.002191	-0.000445
260.060000	11488.711826	-32.847952	29.228681	-0.002189	-0.000427
260.602000	11507.149621	-32.811553	29.238978	-0.002186	-0.000416
261.146000	11525.022254	-32.794295	29.245107	-0.002184	-0.000419
261.690000	11538.470204	-32.784486	29.257671	-0.002182	-0.000413
262.233000	11548.319473	-32.757916	29.265410	-0.002180	-0.000434
262.775000	11565.084326	-32.724025	29.270680	-0.002177	-0.000461
263.321000	11575.302321	-32.700398	29.285374	-0.002173	-0.000440
263.866000	11590.819310	-32.677891	29.296683	-0.002169	-0.000441
264.413000	11597.243797	-32.652312	29.305899	-0.002165	-0.000431
264.959000	11620.008059	-32.634230	29.313612	-0.002162	-0.000420
265.505000	11632.565598	-32.611272	29.323264	-0.002046	-0.000396
266.049000	11646.135920	-32.595863	29.331746	-0.002032	-0.000378
266.591000	11660.450129	-32.573353	29.340242	-0.002024	-0.000364
267.137000	11675.796444	-32.546290	29.354970	-0.002014	-0.000345
267.680000	11680.837816	-32.530269	29.363179	-0.002009	-0.000325
268.227000	11699.744167	-32.493167	29.367910	-0.002003	-0.000311
268.769000	11705.231549	-32.473968	29.381055	-0.001999	-0.000296
269.313000	11718.797041	-32.460149	29.386354	-0.001994	-0.000284
269.853000	11737.258991	-32.439172	29.400168	-0.001987	-0.000277
270.400000	11755.846534	-32.406222	29.413174	-0.001979	-0.000266
270.944000	11763.952016	-32.388613	29.414802	-0.001976	-0.000255
271.489000	11777.414460	-32.374048	29.427229	-0.001972	-0.000244
272.033000	11784.729360	-32.334380	29.438096	-0.001967	-0.000237
272.579000	11798.006637	-32.320359	29.452268	-0.001958	-0.000231
273.124000	11813.225752	-32.305430	29.461814	-0.001950	-0.000224
273.666000	11822.923671	-32.274624	29.470693	-0.001945	-0.000215
274.210000	11835.846715	-32.250359	29.478084	-0.001939	-0.000207
274.757000	11850.974052	-32.226815	29.490341	-0.001928	-0.000193
275.301000	11861.064848	-32.208749	29.497454	-0.001905	-0.000186
275.843000	11865.645717	-32.191585	29.507091	-0.001888	-0.000169
276.388000	11880.950171	-32.166924	29.520161	-0.001882	-0.000160
276.935000	11893.807201	-32.146066	29.528130	-0.001877	-0.000148
277.481000	11906.065255	-32.122146	29.537234	-0.001872	-0.000139
278.027000	11926.158288	-32.090123	29.549034	-0.001868	-0.000136
278.570000	11927.092174	-32.063494	29.556684	-0.001865	-0.000127
279.114000	11946.132171	-32.053634	29.565211	-0.001861	-0.000119
279.658000	11958.973100	-32.024596	29.575708	-0.001858	-0.000122
280.203000	11967.919081	-32.005928	29.583390	-0.001854	-0.000120
280.748000	11977.573527	-31.981940	29.593263	-0.001850	-0.000116
281.294000	11985.749858	-31.963871	29.604883	-0.001847	-0.000105
281.835000	11996.103109	-31.925507	29.612818	-0.001844	-0.000104
282.380000	12019.242544	-31.904208	29.625790	-0.001842	-0.000104
282.924000	12023.833075	-31.880916	29.630498	-0.001839	-9.393802E-5
283.469000	12030.191549	-31.865059	29.642214	-0.001834	-9.024108E-5
284.012000	12035.450293	-31.844503	29.650286	-0.001831	-8.448265E-5
284.555000	12059.108196	-31.815282	29.664584	-0.001828	-7.642834E-5
285.099000	12065.870818	-31.785842	29.670278	-0.001778	-6.479644E-5
285.643000	12078.115993	-31.776909	29.683129	-0.001677	-4.183659E-5
286.185000	12082.477883	-31.745881	29.693848	-0.001613	-1.345860E-5
286.730000	12093.391467	-31.727635	29.704730	-0.001590	1.525567E-5
287.275000	12108.499485	-31.714760	29.715512	-0.001575	4.467067E-5
287.819000	12122.129389	-31.689549	29.722381	-0.001562	6.886169E-5
288.364000	12123.778180	-31.671383	29.732464	-0.001554	7.710878E-5
288.904000	12146.114154	-31.649874	29.741716	-0.001548	9.736732E-5
289.448000	12148.996319	-31.613063	29.746667	-0.001542	0.000114
289.988000	12152.680339	-31.590775	29.759125	-0.001536	0.000131
290.532000	12171.414411	-31.571537	29.770632	-0.001533	0.000146
291.076000	12173.752347	-31.559905	29.776971	-0.001528	0.000161
291.620000	12189.208158	-31.523252	29.789603	-0.001525	0.000167
292.165000	12192.640994	-31.502703	29.800871	-0.001524	0.000176
292.710000	12204.354822	-31.481517	29.811434	-0.001524	0.000191
293.253000	12213.725884	-31.451629	29.818144	-0.001522	0.000195
293.797000	12232.121827	-31.422862	29.827359	-0.001520	0.000207
294.341000	12238.671910	-31.415613	29.838870	-0.001518	0.000215
294.884000	12242.257710	-31.389029	29.843390	-0.001519	0.000218
295.427000	12259.995103	-31.374345	29.859110	-0.001520	0.000228
295.969000	12268.826766	-31.353796	29.865166	-0.001516	0.000229
296.513000	12277.700294	-31.320987	29.875388	-0.001517	0.000232
297.058000	12291.481553	-31.296133	29.881856	-0.001515	0.000239
297.597000	12294.030418	-31.276802	29.896763	-0.001513	0.000244
298.140000	12308.884035	-31.253628	29.903289	-0.001511	0.000244
298.685000	12311.521458	-31.238757	29.920006	-0.001513	0.000240
299.231000	12326.951511	-31.203433	29.926888	-0.001512	0.000247
299.777000	12334.886321	-31.186395	29.939322	-0.001510	0.000249
300.323000	12342.606983	-31.158745	29.949838	-0.001511	0.000251
300.867000	12348.541989	-31.131231	29.959297	-0.001513	0.000247
301.413000	12362.930276	-31.134313	29.973875	-0.001512	0.000252
301.957000	12362.442400	-31.085319	29.976149	-0.001512	0.000259
302.502000	12384.921683	-31.074302	29.991133	-0.001512	0.000265
303.051000	12383.177892	-31.046849	29.999936	-0.001510	0.000268
303.592000	12392.445907	-31.021885	30.010783	-0.001509	0.000269
304.138000	12402.132559	-31.010579	30.021421	-0.001512	0.000268
304.681000	12403.478644	-30.973922	30.031475	-0.001514	0.000272
305.225000	12428.394082	-30.959299	30.041943	-0.001512	0.000273
305.767000	12417.712357	-30.926596	30.053986	-0.001515	0.000271
306.312000	12438.972757	-30.906176	30.063872	-0.001515	0.000276
306.858000	12445.590468	-30.902042	30.070326	-0.001513	0.000282
307.398000	12447.702983	-30.874823	30.085781	-0.001512	0.000286
307.942000	12470.174216	-30.841342	30.091623	-0.001511	0.000284
308.485000	12468.264580	-30.811400	30.098015	-0.001510	0.000279
309.032000	12480.583827	-30.801072	30.117637	-0.001508	0.000274
309.577000	12482.611003	-30.782362	30.127641	-0.001507	0.000270
310.120000	12495.859306	-30.751454	30.130934	-0.001506	0.000269
310.662000	12498.226225	-30.736125	30.141555	-0.001507	0.000272
311.207000	12510.342593	-30.705162	30.154753	-0.001506	0.000271
311.748000	12518.915025	-30.687324	30.164165	-0.001505	0.000271
312.295000	12534.209826	-30.660869	30.168271	-0.001504	0.000268
312.839000	12531.527319	-30.639261	30.181924	-0.001505	0.000269
313.382000	12547.487113	-30.618545	30.194179	-0.001508	0.000268
313.926000	12550.291991	-30.600621	30.206370	-0.001509	0.000270
314.468000	12647.610993	-30.554702	30.216620	-0.001510	0.000276
315.013000	12659.046271	-30.508926	30.226327	-0.001513	0.000269
315.559000	12673.875742	-30.476864	30.236997	-0.001515	0.000268
316.103000	12685.399578	-30.424228	30.250710	-0.001519	0.000263
316.647000	12695.566058	-30.389681	30.263537	-0.001519	0.000260
317.191000	12721.656912	-30.330231	30.280811	-0.001519	0.000264
317.734000	12729.322831	-30.285501	30.299607	-0.001516	0.000268
318.277000	12744.273064	-30.243936	30.316923	-0.001516	0.000266
318.819000	12754.573188	-30.193113	30.334760	-0.001515	0.000268
319.364000	12773.378118	-30.142870	30.358558	-0.001513	0.000271
319.906000	12787.650479	-30.105882	30.376721	-0.001514	0.000273
320.449000	12804.600519	-30.056547	30.393739	-0.001517	0.000275
320.994000	12810.807644	-30.018496	30.412787	-0.001520	0.000275
321.540000	12830.924847	-29.978258	30.440352	-0.001522	0.000268
322.084000	12843.205455	-29.931077	30.456780	-0.001521	0.000267
322.625000	12856.606726	-29.884412	30.478261	-0.001520	0.000265
323.170000	12874.611414	-29.831686	30.499794	-0.001521	0.000261
323.713000	12885.418736	-29.787567	30.517133	-0.001521	0.000262
324.258000	12902.407421	-29.753832	30.543122	-0.001522	0.000262
324.799000	12919.990251	-29.698793	30.561816	-0.001523	0.000262
325.344000	12927.404988	-29.651429	30.581831	-0.001522	0.000258
325.889000	12950.394700	-29.608026	30.600841	-0.001520	0.000259
326.433000	12952.808314	-29.554353	30.623050	-0.001521	0.000258
326.977000	12967.566943	-29.516704	30.640817	-0.001522	0.000267
327.522000	12977.211738	-29.475140	30.662543	-0.001520	0.000271
328.063000	12994.379150	-29.426298	30.683999	-0.001519	0.000272
328.605000	13006.406967	-29.380943	30.705964	-0.001519	0.000272
329.147000	13010.194038	-29.343819	30.725257	-0.001520	0.000273
329.691000	13021.680844	-29.297012	30.743491	-0.001519	0.000270
330.232000	13039.389268	-29.262258	30.763411	-0.001519	0.000274
330.772000	13055.803131	-29.201372	30.787849	-0.001518	0.000267
331.316000	13061.074762	-29.134799	30.812210	-0.001517	0.000273
331.858000	13071.399039	-29.117245	30.831432	-0.001516	0.000268
332.402000	13081.301461	-29.070042	30.850238	-0.001514	0.000272
332.948000	13095.556114	-29.017879	30.872697	-0.001511	0.000272
333.493000	13105.627599	-28.969249	30.899291	-0.001510	0.000271
334.039000	13110.577200	-28.927195	30.915291	-0.001510	0.000274
334.582000	13126.194040	-28.883618	30.936957	-0.001514	0.000275
335.127000	13134.607073	-28.843561	30.959852	-0.001517	0.000272
335.673000	13142.546720	-28.785138	30.982598	-0.001511	0.000269
336.217000	13158.675589	-28.742286	31.005397	-0.001511	0.000265
336.761000	13168.148099	-28.683911	31.023822	-0.001510	0.000276
337.301000	13177.871793	-28.644466	31.047766	-0.001509	0.000276
337.844000	13191.485609	-28.602309	31.064016	-0.001508	0.000274
338.387000	13196.051994	-28.559466	31.089048	-0.001507	0.000280
338.930000	13202.202766	-28.521009	31.113149	-0.001510	0.000281
339.473000	13214.232195	-28.473548	31.135856	-0.001508	0.000275
340.019000	13230.441573	-28.437056	31.153103	-0.001511	0.000271
340.563000	13235.286513	-28.382668	31.176272	-0.001511	0.000276
341.110000	13239.347311	-28.344472	31.198614	-0.001512	0.000273
341.657000	13254.634074	-28.280742	31.218035	-0.001510	0.000272
342.201000	13260.794507	-28.252213	31.238383	-0.001510	0.000269
342.743000	13270.373288	-28.199417	31.258871	-0.001507	0.000270
343.285000	13277.965145	-28.157591	31.282369	-0.001505	0.000271
343.829000	13278.678442	-28.111876	31.306375	-0.001505	0.000265
344.372000	13293.039369	-28.061256	31.327171	-0.001513	0.000262
344.915000	13306.385901	-28.009989	31.351647	-0.001521	0.000260
345.459000	13313.396494	-27.960947	31.370013	-0.001522	0.000256
346.002000	13322.363419	-27.918171	31.395297	-0.001521	0.000263
346.543000	13328.383769	-27.885344	31.414297	-0.001518	0.000263
347.088000	13328.924780	-27.835107	31.437800	-0.001517	0.000260
347.632000	13345.258141	-27.795088	31.459779	-0.001516	0.000263
348.176000	13350.658584	-27.754654	31.484566	-0.001516	0.000256
348.718000	13357.282742	-27.706169	31.507582	-0.001515	0.000255
349.263000	13365.302898	-27.658641	31.528653	-0.001515	0.000258
349.805000	13372.859332	-27.622532	31.554104	-0.001514	0.000258
350.350000	13383.252851	-27.564276	31.573320	-0.001517	0.000257
350.892000	13384.460464	-27.517508	31.598583	-0.001518	0.000259
351.434000	13392.438758	-27.479837	31.621367	-0.001517	0.000257
351.982000	13401.962795	-27.434154	31.643905	-0.001515	0.000260
352.522000	13410.902349	-27.375805	31.668414	-0.001515	0.000258
353.066000	13406.017152	-27.339506	31.688057	-0.001516	0.000258
353.612000	13428.770184	-27.293658	31.713453	-0.001522	0.000255
354.159000	13422.667715	-27.242916	31.735669	-0.001526	0.000254
354.702000	13433.446060	-27.198019	31.758320	-0.001526	0.000250
355.245000	13439.430987	-27.154632	31.781027	-0.001525	0.000250
355.787000	13452.664812	-27.109022	31.806990	-0.001525	0.000252
356.332000	13450.776106	-27.063987	31.825689	-0.001526	0.000248
356.875000	13459.604559	-27.018426	31.848963	-0.001525	0.000245
357.420000	13474.989544	-26.983601	31.870949	-0.001524	0.000251
357.964000	13473.480833	-26.928128	31.891855	-0.001521	0.000247
358.510000	13477.565784	-26.891346	31.923229	-0.001517	0.000253
359.056000	13489.236153	-26.836472	31.944198	-0.001515	0.000247
359.602000	13489.490557	-26.798650	31.956766	-0.001514	0.000250
360.146000	13497.711984	-26.752680	31.985341	-0.001517	0.000251
360.689000	13500.848557	-26.704250	32.009716	-0.001520	0.000258
361.237000	13512.826464	-26.652181	32.033719	-0.001524	0.000251
361.780000	13508.907359	-26.606965	32.058305	-0.001528	0.000258
362.323000	13520.167140	-26.559089	32.083632	-0.001528	0.000258
362.867000	13524.047602	-26.520931	32.104446	-0.001529	0.000260
363.405000	13532.958173	-26.468241	32.136023	-0.001530	0.000262
363.951000	13538.661325	-26.435336	32.154814	-0.001535	0.000252
364.490000	13539.809363	-26.387443	32.179154	-0.001534	0.000249
365.028000	13544.551255	-26.342475	32.201330	-0.001530	0.000251
365.568000	13541.334175	-26.298486	32.225921	-0.001526	0.000254
366.111000	13556.790008	-26.238884	32.251657	-0.001525	0.000253
366.656000	13558.136094	-26.201072	32.276860	-0.001523	0.000257
367.199000	13565.718292	-26.156545	32.298425	-0.001522	0.000256
367.741000	13562.343417	-26.106231	32.328407	-0.001521	0.000258
368.285000	13579.364316	-26.063256	32.349134	-0.001523	0.000259
368.828000	13585.516700	-26.019685	32.372849	-0.001526	0.000253
369.375000	13587.930316	-25.969436	32.396145	-0.001533	0.000251
369.919000	13586.391012	-25.940247	32.420113	-0.001539	0.000256
370.460000	13583.410624	-25.892976	32.444075	-0.001543	0.000253
371.004000	13600.661775	-25.836106	32.472500	-0.001546	0.000249
371.548000	13598.914762	-25.800383	32.490911	-0.001546	0.000246
372.092000	13606.754584	-25.739680	32.514022	-0.001548	0.000240
372.635000	13615.954984	-25.708591	32.541637	-0.001552	0.000232
373.179000	13608.918627	-25.668505	32.561827	-0.001551	0.000232
373.723000	13619.671212	-25.611332	32.587690	-0.001545	0.000231
374.266000	13624.007346	-25.568731	32.618152	-0.001543	0.000236
374.810000	13635.735683	-25.527008	32.641919	-0.001542	0.000235
375.353000	13635.990086	-25.494960	32.661063	-0.001539	0.000239
375.896000	13645.254892	-25.439201	32.688889	-0.001538	0.000232
376.438000	13642.374333	-25.384375	32.713481	-0.001544	0.000236
376.982000	13650.125597	-25.335703	32.742449	-0.001544	0.000237
377.526000	13646.290218	-25.310907	32.765214	-0.001541	0.000232
378.070000	13645.981070	-25.256040	32.786000	-0.001537	0.000227
378.614000	13650.834063	-25.213564	32.813274	-0.001536	0.000231
379.157000	13664.443055	-25.164136	32.839060	-0.001535	0.000230
379.700000	13666.059646	-25.116784	32.864079	-0.001539	0.000230
380.243000	13658.949222	-25.068686	32.892142	-0.001537	0.000228
380.788000	13665.557280	-25.019689	32.918071	-0.001533	0.000225
381.334000	13668.859698	-24.990620	32.944525	-0.001531	0.000222
381.877000	13684.054689	-24.943829	32.966507	-0.001529	0.000225
382.419000	13681.935731	-24.887296	32.999515	-0.001531	0.000221
382.962000	13685.175354	-24.846022	33.018422	-0.001533	0.000231
383.499000	13687.656596	-24.809793	33.045522	-0.001534	0.000235
384.047000	13699.657048	-24.757741	33.076781	-0.001537	0.000235
384.589000	13694.465922	-24.711400	33.098303	-0.001542	0.000231
385.134000	13701.304233	-24.649999	33.125639	-0.001548	0.000235
385.676000	13743.335604	-24.589841	33.147979	-0.001550	0.000229
386.221000	13752.730833	-24.520820	33.174685	-0.001556	0.000226
386.768000	13748.892234	-24.460095	33.204198	-0.001556	0.000231
387.310000	13747.538098	-24.407611	33.231857	-0.001552	0.000224
387.855000	13761.337088	-24.331847	33.264645	-0.001551	0.000221
388.396000	13758.960506	-24.294050	33.296893	-0.001547	0.000225
388.941000	13762.963340	-24.213221	33.335346	-0.001543	0.000223
389.482000	13771.395699	-24.153230	33.367744	-0.001538	0.000230
390.026000	13778.137401	-24.083662	33.404146	-0.001537	0.000232
390.566000	13777.759016	-24.019021	33.437897	-0.001536	0.000229
391.111000	13787.712967	-23.944223	33.473631	-0.001542	0.000227
391.655000	13791.169961	-23.890267	33.507956	-0.001542	0.000230
392.200000	13789.625826	-23.821088	33.545163	-0.001542	0.000225
392.742000	13793.031296	-23.774687	33.584322	-0.001545	0.000226
393.283000	13798.684534	-23.699319	33.618671	-0.001545	0.000226
393.826000	13805.888349	-23.640626	33.655786	-0.001548	0.000231
394.366000	13798.484876	-23.572076	33.689990	-0.001549	0.000234
394.911000	13804.477857	-23.509048	33.727332	-0.001548	0.000228
395.453000	13814.951888	-23.449222	33.767992	-0.001552	0.000232
395.998000	13813.375550	-23.389092	33.802275	-0.001557	0.000230
396.544000	13817.824397	-23.312056	33.840195	-0.001555	0.000231
397.090000	13821.685538	-23.258116	33.877454	-0.001555	0.000224
397.633000	13817.460502	-23.195466	33.914610	-0.001555	0.000224
398.178000	13828.985962	-23.131288	33.956831	-0.001554	0.000221
398.723000	13832.988796	-23.066580	33.992199	-0.001554	0.000225
399.269000	13830.979328	-23.006193	34.031728	-0.001547	0.000222
399.813000	13827.209965	-22.946382	34.065754	-0.001544	0.000227
400.356000	13827.570639	-22.882910	34.108345	-0.001541	0.000230
400.901000	13836.785532	-22.810901	34.140595	-0.001537	0.000237
401.439000	13841.918692	-22.753989	34.179953	-0.001540	0.000233
401.989000	13845.691276	-22.695798	34.215719	-0.001545	0.000235
402.534000	13837.506880	-22.625116	34.260121	-0.001548	0.000228
403.077000	13841.828525	-22.553310	34.295383	-0.001547	0.000225
403.620000	13836.972310	-22.500526	34.336033	-0.001548	0.000228
404.165000	13844.992471	-22.444693	34.372454	-0.001541	0.000218
404.709000	13843.657656	-22.367602	34.413885	-0.001547	0.000231
405.250000	13847.779642	-22.321458	34.451881	-0.001544	0.000227
405.791000	13843.710791	-22.240146	34.489668	-0.001542	0.000229
406.334000	13844.958657	-22.180474	34.528451	-0.001540	0.000234
406.878000	13844.852388	-22.112072	34.568795	-0.001540	0.000233
407.421000	13848.823020	-22.044114	34.608891	-0.001538	0.000233
407.964000	13844.411206	-21.980558	34.642913	-0.001541	0.000231
408.509000	13843.300203	-21.933400	34.683932	-0.001544	0.000231
409.053000	13845.758903	-21.868853	34.728015	-0.001549	0.000232
409.596000	13855.827176	-21.806012	34.768787	-0.001553	0.000227
410.139000	13845.995595	-21.732992	34.811814	-0.001552	0.000228
410.682000	13845.103571	-21.672508	34.849770	-0.001545	0.000234
411.226000	13848.509040	-21.611941	34.893416	-0.001539	0.000229
411.768000	13851.584428	-21.545677	34.933420	-0.001535	0.000232
412.313000	13848.538022	-21.483551	34.974477	-0.001536	0.000235
412.856000	13846.290253	-21.409897	35.015834	-0.001537	0.000232
413.398000	13850.785794	-21.349123	35.060384	-0.001536	0.000234
413.942000	13852.827465	-21.288488	35.105431	-0.001529	0.000241
414.485000	13844.920015	-21.222521	35.143370	-0.001531	0.000242
415.031000	13849.611993	-21.166021	35.191705	-0.001531	0.000248
415.571000	13848.734461	-21.092109	35.226405	-0.001528	0.000242
416.114000	13848.795646	-21.043076	35.272543	-0.001524	0.000243
416.655000	13847.456002	-20.983321	35.311839	-0.001519	0.000246
417.201000	13846.262880	-20.919833	35.360673	-0.001519	0.000252
417.745000	13845.032725	-20.838498	35.406048	-0.001522	0.000247
418.291000	13844.474003	-20.784432	35.447293	-0.001526	0.000250
418.836000	13839.678973	-20.715885	35.486774	-0.001530	0.000249
419.378000	13835.611732	-20.653650	35.529137	-0.001535	0.000244
419.924000	13842.266485	-20.603078	35.576771	-0.001535	0.000239
420.467000	13839.134743	-20.527070	35.618587	-0.001539	0.000236
421.009000	13838.891610	-20.456732	35.664318	-0.001540	0.000235
421.554000	13835.336396	-20.413113	35.705964	-0.001539	0.000236
422.099000	13836.342740	-20.325302	35.751610	-0.001542	0.000234
422.644000	13830.151711	-20.280016	35.799329	-0.001543	0.000227
423.186000	13828.945708	-20.221455	35.837713	-0.001586	0.000223
423.727000	13833.574892	-20.147372	35.884073	-0.001577	0.000211
424.266000	13830.391623	-20.083137	35.928997	-0.001576	0.000213
424.809000	13821.646894	-20.029335	35.969630	-0.001575	0.000204
425.346000	13827.986058	-19.965432	36.020650	-0.001572	0.000203
425.891000	13825.633628	-19.907721	36.062320	-0.001572	0.000205
426.433000	13811.913533	-19.824154	36.110248	-0.001575	0.000200
426.978000	13826.324382	-19.755504	36.157137	-0.001574	0.000197
427.522000	13817.338131	-19.700325	36.203631	-0.001572	0.000193
428.068000	13817.210929	-19.638208	36.253245	-0.001570	0.000191
428.610000	13807.575787	-19.586523	36.296879	-0.001565	0.000190
429.155000	13812.237173	-19.516443	36.348847	-0.001560	0.000191
429.699000	13798.898684	-19.460329	36.387628	-0.001556	0.000189
430.242000	13804.957681	-19.385422	36.440032	-0.001554	0.000188
430.786000	13795.652620	-19.316540	36.488948	-0.001551	0.000187
431.325000	13788.883547	-19.266249	36.536349	-0.001550	0.000188
431.869000	13794.219586	-19.189258	36.583046	-0.001547	0.000193
432.414000	13786.460270	-19.123783	36.632195	-0.001544	0.000201
432.959000	13788.645244	-19.072594	36.680694	-0.001542	0.000203
433.503000	13783.660218	-19.007486	36.733750	-0.001541	0.000207
434.048000	13786.192984	-18.940259	36.778778	-0.001539	0.000208
434.590000	13774.103973	-18.861674	36.830397	-0.001538	0.000212
435.133000	13774.593459	-18.813505	36.879312	-0.001540	0.000214
435.678000	13772.635516	-18.750433	36.929877	-0.001543	0.000220
436.225000	13763.380369	-18.679245	36.976209	-0.001542	0.000219
436.767000	13765.116112	-18.622829	37.032731	-0.001543	0.000223
437.309000	13760.100493	-18.558610	37.082135	-0.001545	0.000227
437.852000	13754.426322	-18.495701	37.132071	-0.001549	0.000225
438.392000	13750.339759	-18.436258	37.185392	-0.001557	0.000225
438.937000	13742.718916	-18.378322	37.238909	-0.001561	0.000222
439.480000	13742.155364	-18.306236	37.291081	-0.001569	0.000225
440.024000	13742.768831	-18.228089	37.343345	-0.001572	0.000222
440.566000	13731.583114	-18.183182	37.397017	-0.001569	0.000214
441.110000	13728.868400	-18.112658	37.445017	-0.001570	0.000214
441.654000	13721.168660	-18.056863	37.499280	-0.001570	0.000216
442.198000	13720.286297	-17.984168	37.555187	-0.001569	0.000220
442.743000	13711.834617	-17.925327	37.602213	-0.001565	0.000226
443.281000	13703.915897	-17.852446	37.659056	-0.001564	0.000219
443.824000	13705.290965	-17.799794	37.710499	-0.001563	0.000224
444.367000	13698.046898	-17.731756	37.763510	-0.001555	0.000223
444.912000	13686.529491	-17.672316	37.818378	-0.001553	0.000219
445.456000	13682.138610	-17.603034	37.875351	-0.001551	0.000218
445.999000	13677.047314	-17.545942	37.929220	-0.001551	0.000219
446.539000	13672.472876	-17.482792	37.979110	-0.001552	0.000216
447.084000	13659.181084	-17.429699	38.038530	-0.001556	0.000221
447.624000	13658.651344	-17.355636	38.094487	-0.001559	0.000224
448.171000	13649.818059	-17.284513	38.151338	-0.001561	0.000221
448.711000	13637.466595	-17.221881	38.210112	-0.001559	0.000225
449.254000	13634.988573	-17.164196	38.267325	-0.001555	0.000216
449.797000	13627.393493	-17.103635	38.319599	-0.001553	0.000210
450.341000	13618.869356	-17.035523	38.380134	-0.001550	0.000207
450.885000	13610.878180	-16.963443	38.437212	-0.001544	0.000199
451.425000	13602.297688	-16.911069	38.490670	-0.001554	0.000205
451.970000	13598.288414	-16.845600	38.550502	-0.001557	0.000209
452.513000	13584.297816	-16.782756	38.609079	-0.001560	0.000208
453.056000	13568.769527	-16.706172	38.666639	-0.001556	0.000211
453.596000	13566.740737	-16.666150	38.726883	-0.001562	0.000213
454.138000	13552.250995	-16.597783	38.784670	-0.001563	0.000212
454.679000	13543.969991	-16.540240	38.841585	-0.001572	0.000207
455.221000	13535.088402	-16.460203	38.902988	-0.001578	0.000206
455.764000	13532.178860	-16.411512	38.961130	-0.001583	0.000194
456.304000	13516.304389	-16.344907	39.019995	-0.001583	0.000199
456.848000	13504.714527	-16.266648	39.084503	-0.001582	0.000194
457.388000	13493.981266	-16.210830	39.144265	-0.001575	0.000194
457.935000	13489.625809	-16.151081	39.204139	-0.001569	0.000195
458.476000	13464.320688	-16.079549	39.271537	-0.001564	0.000198
459.021000	13453.514970	-16.018444	39.326349	-0.001561	0.000196
459.566000	13437.437622	-15.960856	39.391775	-0.001553	0.000201
460.107000	13423.113726	-15.883958	39.452110	-0.001547	0.000201
460.650000	13396.414217	-15.816828	39.518864	-0.001544	0.000210
461.186000	13390.343951	-15.772588	39.579861	-0.001542	0.000207
461.730000	13364.579942	-15.699681	39.636833	-0.001537	0.000211
462.272000	13349.982321	-15.631494	39.705505	-0.001538	0.000208
462.815000	13334.140055	-15.563991	39.766530	-0.001545	0.000212
463.355000	13314.694274	-15.504541	39.828649	-0.001542	0.000208
463.900000	13290.298893	-15.454327	39.890359	-0.001541	0.000212
464.441000	13276.168218	-15.397077	39.950565	-0.001543	0.000217
464.985000	13257.058959	-15.327802	40.022905	-0.001547	0.000218
465.527000	13231.203173	-15.258366	40.084489	-0.001548	0.000222
466.071000	13211.076302	-15.205129	40.151729	-0.001551	0.000213
466.614000	13179.820076	-15.136952	40.209093	-0.001560	0.000224
467.154000	13159.192447	-15.078549	40.275963	-0.001561	0.000226
467.696000	13132.529978	-15.008627	40.340319	-0.001558	0.000232
468.237000	13102.966022	-14.941436	40.402371	-0.001553	0.000225
468.780000	13074.411630	-14.880318	40.465926	-0.001549	0.000222
469.327000	13046.939259	-14.806722	40.530859	-0.001551	0.000231
469.869000	13015.769986	-14.750334	40.591918	-0.001549	0.000224
470.409000	12986.980513	-14.698021	40.656923	-0.001544	0.000221
470.954000	12955.959376	-14.624602	40.724048	-0.001540	0.000227
471.496000	12916.430210	-14.569396	40.787382	-0.001541	0.000227
472.041000	12882.810294	-14.514503	40.847647	-0.001541	0.000233
472.582000	12851.468740	-14.439081	40.914911	-0.001544	0.000227
473.126000	12809.421305	-14.375989	40.982153	-0.001542	0.000224
473.669000	12774.983437	-14.320558	41.042963	-0.001538	0.000224
474.207000	12732.704144	-14.244769	41.104925	-0.001534	0.000226
474.749000	12697.166547	-14.194227	41.166504	-0.001532	0.000230
475.293000	12649.937659	-14.117925	41.238044	-0.001532	0.000228
475.863000	12609.453687	-14.062015	41.304402	-0.001527	0.000222
476.405000	12559.469840	-13.994421	41.368527	-0.001528	0.000217
476.950000	12505.591045	-13.931290	41.429811	-0.001532	0.000219
477.491000	12457.639209	-13.853952	41.499169	-0.001531	0.000219
478.034000	12406.489622	-13.804778	41.565518	-0.001536	0.000220
478.576000	12362.381215	-13.741194	41.630498	-0.001541	0.000222
479.120000	12308.368788	-13.687782	41.694317	-0.001546	0.000226
479.663000	12249.538801	-13.603730	41.755015	-0.001551	0.000223
480.206000	12191.787616	-13.550463	41.826479	-0.001561	0.000216
480.751000	12130.809697	-13.491838	41.890968	-0.001559	0.000212
481.295000	12059.987337	-13.422994	41.954570	-0.001561	0.000213
481.840000	11992.886034	-13.365081	42.023740	-0.001562	0.000210
482.384000	11931.360677	-13.290464	42.085903	-0.001565	0.000207
482.928000	11852.057682	-13.239786	42.151197	-0.001568	0.000205
483.472000	11782.735998	-13.161015	42.218461	-0.001572	0.000200
484.016000	11703.954702	-13.107951	42.280141	-0.001573	0.000199
484.558000	11616.266077	-13.038264	42.351008	-0.001572	0.000187
485.097000	11535.874646	-12.973636	42.416327	-0.001577	0.000182
485.640000	11438.882605	-12.906764	42.478176	-0.001579	0.000171
486.178000	11351.433912	-12.845604	42.544055	-0.001578	0.000174
486.723000	11244.832531	-12.770047	42.613618	-0.001572	0.000175
487.262000	11149.684132	-12.725594	42.678260	-0.001569	0.000175
487.807000	11039.461550	-12.661069	42.743903	-0.001566	0.000181
488.345000	10922.455431	-12.603233	42.808323	-0.001568	0.000182
488.889000	10805.070941	-12.527482	42.872754	-0.001565	0.000188
489.429000	10663.498848	-12.476289	42.939520	-0.001565	0.000188
489.974000	10531.032147	-12.413114	43.004417	-0.001566	0.000185
490.520000	10385.199641	-12.332510	43.070254	-0.001565	0.000185
491.063000	10223.006464	-12.284650	43.139057	-0.001569	0.000185
491.606000	10046.204461	-12.214284	43.202045	-0.001571	0.000195
492.146000	9864.411034	-12.147048	43.270199	-0.001575	0.000190
492.687000	9656.539727	-12.091201	43.341820	-0.001577	0.000199
493.226000	9437.534305	-12.035697	43.404684	-0.001581	0.000191
493.769000	9186.140867	-11.961633	43.472887	-0.001582	0.000189
494.309000	8893.358728	-11.899617	43.539865	-0.001581	0.000187
494.853000	8559.546971	-11.837968	43.612211	-0.001583	0.000181
495.391000	6427.533263	-11.768294	43.684734	-0.001584	0.000179
495.934000	5119.759056	-11.707968	43.758774	-0.001588	0.000180
496.474000	4439.059359	-11.655645	43.841877	-0.001588	0.000181
497.017000	3852.839603	-11.585572	43.917294	-0.001591	0.000176
497.556000	3356.523703	-11.505142	43.999849	-0.001590	0.000181
498.096000	2905.795744	-11.458596	44.082028	-0.001586	0.000180
498.639000	2414.258850	-11.387631	44.166005	-0.001579	0.000183
499.182000	1971.575233	-11.335156	44.253233	-0.001582	0.000182
499.724000	1516.715774	-11.266342	44.336593	-0.001588	0.000186
500.271000	1092.762957	-11.209311	44.424600	-0.001594	0.000182
500.813000	653.790779	-11.146313	44.502661	-0.001597	0.000181
501.357000	233.552576	-11.074597	44.585596	-0.001598	0.000182
501.902000	25.443735	-11.009399	44.703430	-0.001590	0.000180
502.447000	24.047745	-10.952259	44.815707	-0.001587	0.000180
502.992000	22.358709	-10.889595	44.927984	-0.001583	0.000177
503.532000	30.217797	-10.824990	45.045321	-0.001582	0.000178
504.077000	29.147055	-10.757715	45.154827	-0.001581	0.000186
504.617000	32.959863	-10.700033	45.258936	-0.001582	0.000183
505.163000	30.647704	-10.631164	45.373002	-0.001578	0.000184
505.708000	19.579609	-10.560064	45.478003	-0.001572	0.000190
506.248000	19.766385	-10.500749	45.583271	-0.001567	0.000190
506.791000	29.499675	-10.446494	45.663355	-0.001562	0.000191
507.336000	26.630407	-10.377776	45.729582	-0.001560	0.000194
507.880000	24.374603	-10.314266	45.790052	-0.001558	0.000190
508.421000	23.406909	-10.278795	45.856141	-0.001556	0.000191
508.968000	29.897379	-10.277680	45.910196	-0.001555	0.000197
509.510000	22.896495	-10.283245	45.964024	-0.001556	0.000195
