LabVIEW Measurement	
Writer_Version	2
Reader_Version	2
Separator	Tab
Decimal_Separator	.
Multi_Headings	No
X_Columns	No
Time_Pref	Absolute
Operator	mechlab
Description	Data file
Date	2024/02/16
Time	10:29:58.5229997634887695313
***End_of_Header***	
	
Channels	6						
Samples	1	1	1	1	1	1	
Date	2024/02/16	2024/02/16	2024/02/16	2024/02/16	2024/02/16	2024/02/16	
Time	10:29:58.5229997634887695313	10:29:58.6300001144409179687	10:29:58.73600006103515625	10:29:58.8449997901916503906	10:29:58.9530000686645507813	10:29:59.0619997978210449219	
X_Dimension	Time	Time	Time	Time	Time	Time	
X0	0.0000000000000000E+0	0.0000000000000000E+0	0.0000000000000000E+0	0.0000000000000000E+0	0.0000000000000000E+0	0.0000000000000000E+0	
Delta_X	1.000000	1.000000	1.000000	1.000000	1.000000	1.000000	
***End_of_Header***							
X_Value	Untitled	Untitled 1	Untitled 2	Untitled 3	Untitled 4	Untitled 5	Comment
	0.000000	-3.300464	-37.867605	25.082228	-1.688816E-6	2.698040E-6
	0.545000	73.145710	-37.880531	25.085883	-6.697955E-6	1.729023E-5
	1.088000	190.463650	-37.874645	25.081933	-1.029908E-5	2.849316E-5
	1.629000	277.087512	-37.879543	25.087062	-1.305516E-5	3.637136E-5
	2.168000	349.133177	-37.853845	25.086717	-1.560730E-5	4.220286E-5
	2.713000	402.776564	-37.855078	25.086731	-1.737669E-5	4.618192E-5
	3.257000	443.079951	-37.860144	25.088617	-1.823636E-5	4.901363E-5
	3.803000	483.475116	-37.875910	25.085136	-1.874189E-5	5.250065E-5
	4.347000	511.902118	-37.846448	25.086311	-1.979937E-5	5.546695E-5
	4.890000	528.971201	-37.841411	25.081906	-2.004481E-5	5.765088E-5
	5.434000	554.271313	-37.846821	25.086102	-2.166400E-5	5.992825E-5
	5.979000	571.126247	-37.833927	25.082530	-2.295592E-5	6.317366E-5
	6.522000	604.770100	-37.824778	25.087749	-2.423197E-5	6.613628E-5
	7.069000	628.600156	-37.828002	25.084055	-2.543108E-5	6.900797E-5
	7.613000	658.199339	-37.832697	25.090168	-2.507086E-5	7.167162E-5
	8.155000	672.534406	-37.801105	25.088751	-2.650930E-5	7.407365E-5
	8.699000	699.270763	-37.810216	25.087871	-2.693912E-5	7.755463E-5
	9.242000	723.004211	-37.815162	25.092417	-2.747762E-5	7.930384E-5
	9.787000	746.391478	-37.797215	25.088404	-2.846304E-5	8.258800E-5
	10.332000	766.221949	-37.793087	25.086448	-2.951561E-5	8.395475E-5
	10.878000	784.922103	-37.780376	25.087986	-2.984652E-5	8.715173E-5
	11.421000	803.718865	-37.787667	25.088512	-3.106272E-5	8.935324E-5
	11.964000	814.452051	-37.781829	25.088596	-3.157923E-5	9.155851E-5
	12.507000	839.848772	-37.781426	25.087137	-3.203591E-5	9.332397E-5
	13.051000	857.763178	-37.766519	25.093890	-3.242788E-5	9.552676E-5
	13.592000	875.289540	-37.778067	25.086429	-3.351707E-5	9.668547E-5
	14.136000	896.694727	-37.768007	25.086235	-3.375885E-5	9.825534E-5
	14.680000	913.675252	-37.756411	25.087918	-3.476989E-5	0.000101
	15.224000	930.551119	-37.748579	25.090201	-3.515453E-5	0.000102
	15.767000	947.713590	-37.754398	25.089330	-3.614359E-5	0.000103
	16.310000	957.351881	-37.747477	25.090311	-3.650991E-5	0.000106
	16.857000	980.628050	-37.741066	25.091362	-3.636949E-5	0.000108
	17.400000	992.415877	-37.746579	25.088506	-3.772853E-5	0.000110
	17.946000	1012.966081	-37.729846	25.089184	-3.855885E-5	0.000112
	18.490000	1028.152911	-37.732629	25.092718	-3.928416E-5	0.000114
	19.035000	1039.615490	-37.717361	25.088398	-3.981898E-5	0.000115
	19.581000	1064.403580	-37.715996	25.090465	-4.086054E-5	0.000117
	20.126000	1081.860706	-37.723557	25.086855	-4.101073E-5	0.000119
	20.672000	1090.975703	-37.694142	25.084049	-4.167742E-5	0.000121
	21.216000	1114.710761	-37.698271	25.089031	-4.302424E-5	0.000123
	21.761000	1123.498900	-37.700129	25.085778	-4.334293E-5	0.000125
	22.302000	1147.736322	-37.695804	25.089538	-4.377030E-5	0.000127
	22.848000	1156.777252	-37.683348	25.092006	-4.428557E-5	0.000129
	23.391000	1180.832728	-37.685212	25.088102	-4.492906E-5	0.000131
	23.935000	1194.889242	-37.678975	25.087342	-4.567146E-5	0.000133
	24.477000	1214.930641	-37.664580	25.089403	-4.627587E-5	0.000136
	25.021000	1222.757527	-37.680189	25.086881	-4.692424E-5	0.000138
	25.562000	1240.565664	-37.682656	25.080220	-4.812330E-5	0.000141
	26.105000	1264.337756	-37.669275	25.087693	-4.854822E-5	0.000142
	26.646000	1281.326333	-37.662641	25.089412	-4.885958E-5	0.000144
	27.183000	1299.504802	-37.660841	25.089221	-4.958487E-5	0.000146
	27.726000	1308.404040	-37.654980	25.085812	-5.033459E-5	0.000148
	28.271000	1334.304736	-37.649306	25.090121	-5.065205E-5	0.000150
	28.818000	1348.533534	-37.633623	25.092636	-5.089015E-5	0.000153
	29.363000	1374.949475	-37.625955	25.087137	-5.168260E-5	0.000156
	29.909000	1387.471526	-37.630290	25.084178	-5.255319E-5	0.000157
	30.452000	1404.244344	-37.614568	25.090863	-5.289141E-5	0.000159
	30.998000	1413.261122	-37.607989	25.089139	-5.360449E-5	0.000162
	31.538000	1446.919468	-37.619863	25.082988	-5.422721E-5	0.000164
	32.079000	1457.747653	-37.613415	25.089630	-5.463503E-5	0.000165
	32.626000	1479.141570	-37.599964	25.083682	-5.499034E-5	0.000168
	33.168000	1493.950019	-37.606286	25.087876	-5.651051E-5	0.000170
	33.713000	1510.513519	-37.606569	25.088342	-5.712834E-5	0.000173
	34.259000	1528.561567	-37.589933	25.090446	-5.725776E-5	0.000175
	34.803000	1548.503139	-37.593501	25.089219	-5.840063E-5	0.000177
	35.347000	1568.671741	-37.587308	25.089274	-5.897084E-5	0.000179
	35.891000	1589.326605	-37.582162	25.090000	-5.883775E-5	0.000181
	36.435000	1612.636587	-37.573541	25.087472	-5.954471E-5	0.000183
	36.978000	1625.351856	-37.580449	25.085970	-6.016986E-5	0.000183
	37.519000	1647.251357	-37.577622	25.087136	-5.966925E-5	0.000186
	38.060000	1662.834283	-37.570798	25.089021	-6.119795E-5	0.000189
	38.607000	1675.697684	-37.557324	25.094723	-6.254715E-5	0.000192
	39.149000	1707.303103	-37.561752	25.092599	-6.386704E-5	0.000195
	39.694000	1720.684969	-37.546198	25.082225	-6.455080E-5	0.000196
	40.237000	1747.410057	-37.549122	25.084050	-6.526997E-5	0.000199
	40.783000	1764.273044	-37.536685	25.083036	-6.620158E-5	0.000202
	41.324000	1779.860800	-37.548986	25.088609	-6.732367E-5	0.000204
	41.865000	1806.643854	-37.533239	25.088160	-6.778764E-5	0.000206
	42.408000	1820.584438	-37.521968	25.088517	-6.873512E-5	0.000209
	42.950000	1841.323030	-37.525166	25.087168	-6.898664E-5	0.000211
	43.494000	1859.005577	-37.519070	25.088367	-6.940788E-5	0.000213
	44.039000	1884.268660	-37.520219	25.088482	-7.039810E-5	0.000216
	44.583000	1909.166241	-37.514429	25.084960	-7.081811E-5	0.000218
	45.126000	1923.924776	-37.506485	25.086226	-7.127354E-5	0.000220
	45.670000	1952.393646	-37.490992	25.087140	-7.221368E-5	0.000223
	46.214000	1961.668047	-37.490480	25.082585	-7.358728E-5	0.000225
	46.758000	1984.815407	-37.500057	25.088176	-7.494377E-5	0.000227
	47.299000	2004.017927	-37.479746	25.089156	-7.532837E-5	0.000230
	47.845000	2028.770596	-37.466504	25.082276	-7.673248E-5	0.000233
	48.386000	2051.634571	-37.475888	25.089338	-7.736982E-5	0.000235
	48.933000	2073.509922	-37.475534	25.094766	-7.805600E-5	0.000238
	49.478000	2089.532417	-37.463084	25.091948	-7.959074E-5	0.000240
	50.022000	2110.921505	-37.440948	25.093591	-8.030866E-5	0.000243
	50.565000	2131.346121	-37.464939	25.087100	-8.085687E-5	0.000246
	51.108000	2157.985873	-37.457471	25.092633	-8.188247E-5	0.000248
	51.654000	2184.371224	-37.448780	25.088090	-8.248195E-5	0.000250
	52.197000	2201.528867	-37.461368	25.087144	-8.345260E-5	0.000253
	52.737000	2222.054922	-37.439914	25.083100	-8.417052E-5	0.000256
	53.280000	2246.063707	-37.434684	25.087295	-8.538780E-5	0.000258
	53.825000	2270.784174	-37.420811	25.089578	-8.692373E-5	0.000261
	54.367000	2289.706530	-37.426160	25.089707	-8.743164E-5	0.000263
	54.911000	2314.758687	-37.430617	25.084790	-8.810682E-5	0.000266
	55.458000	2336.202521	-37.423690	25.087654	-8.911897E-5	0.000268
	56.001000	2359.932753	-37.421130	25.088084	-8.994431E-5	0.000272
	56.544000	2381.956237	-37.414837	25.092166	-9.266698E-5	0.000275
	57.088000	2404.791232	-37.399737	25.091488	-9.202965E-5	0.000278
	57.631000	2426.265659	-37.403087	25.089393	-9.301982E-5	0.000279
	58.174000	2448.306855	-37.397509	25.092931	-9.381586E-5	0.000282
	58.717000	2482.129441	-37.399770	25.095344	-9.415650E-5	0.000285
	59.263000	2511.057203	-37.384966	25.089615	-9.591217E-5	0.000289
	59.809000	2538.117203	-37.389078	25.089949	-9.764098E-5	0.000293
	60.352000	2558.762409	-37.369019	25.088844	-9.775208E-5	0.000296
	60.896000	2584.265406	-37.366172	25.089007	-9.986058E-5	0.000298
	61.439000	2605.266453	-37.370993	25.093193	-0.000100	0.000300
	61.983000	2626.781134	-37.364578	25.093150	-0.000101	0.000303
	62.525000	2649.123427	-37.371714	25.090461	-0.000102	0.000305
	63.065000	2670.794293	-37.363911	25.093538	-0.000104	0.000308
	63.612000	2697.902598	-37.357091	25.093180	-0.000105	0.000311
	64.153000	2722.511968	-37.338220	25.092192	-0.000105	0.000313
	64.696000	2747.845901	-37.340277	25.088586	-0.000106	0.000317
	65.236000	2769.234992	-37.328024	25.091639	-0.000107	0.000320
	65.779000	2802.352339	-37.329705	25.087517	-0.000108	0.000323
	66.320000	2823.388809	-37.323264	25.090533	-0.000109	0.000327
	66.861000	2845.644156	-37.320917	25.094723	-0.000110	0.000328
	67.404000	2875.605630	-37.314022	25.092027	-0.000111	0.000331
	67.947000	2895.511783	-37.314296	25.091271	-0.000112	0.000334
	68.489000	2927.085007	-37.316827	25.094800	-0.000113	0.000337
	69.031000	2949.852379	-37.308486	25.094563	-0.000115	0.000341
	69.576000	2979.327591	-37.298829	25.093169	-0.000116	0.000344
	70.116000	2999.988900	-37.290192	25.093056	-0.000118	0.000348
	70.659000	3035.896620	-37.295315	25.091279	-0.000118	0.000350
	71.201000	3064.689134	-37.291306	25.092462	-0.000120	0.000353
	71.746000	3092.191926	-37.286540	25.087015	-0.000121	0.000356
	72.287000	3122.768475	-37.274915	25.091766	-0.000122	0.000360
	72.831000	3151.852425	-37.272428	25.090203	-0.000124	0.000363
	73.370000	3170.338437	-37.265006	25.092855	-0.000125	0.000367
	73.914000	3199.884497	-37.268603	25.091718	-0.000126	0.000370
	74.456000	3235.924250	-37.263814	25.093554	-0.000127	0.000374
	75.000000	3248.964770	-37.253470	25.090649	-0.000129	0.000377
	75.542000	3286.257212	-37.245178	25.091746	-0.000131	0.000380
	76.084000	3311.542844	-37.232928	25.093208	-0.000132	0.000384
	76.624000	3333.133206	-37.236699	25.092370	-0.000133	0.000387
	77.167000	3359.135350	-37.243813	25.093976	-0.000134	0.000391
	77.710000	3400.156876	-37.234609	25.094749	-0.000135	0.000395
	78.250000	3417.069782	-37.237382	25.096235	-0.000136	0.000398
	78.794000	3451.565414	-37.225892	25.096467	-0.000140	0.000401
	79.336000	3483.095168	-37.232023	25.097669	-0.000141	0.000405
	79.878000	3504.883578	-37.212701	25.091932	-0.000141	0.000409
	80.423000	3536.270030	-37.206882	25.092335	-0.000142	0.000414
	80.964000	3573.984331	-37.203092	25.096309	-0.000143	0.000417
	81.504000	3602.784900	-37.192352	25.097505	-0.000144	0.000421
	82.048000	3631.529114	-37.200924	25.096145	-0.000146	0.000424
	82.597000	3650.177752	-37.192271	25.090478	-0.000147	0.000429
	83.142000	3685.309391	-37.186465	25.094399	-0.000148	0.000432
	83.686000	3722.849799	-37.186220	25.096415	-0.000150	0.000435
	84.230000	3754.121933	-37.177458	25.099265	-0.000151	0.000439
	84.776000	3777.919799	-37.175320	25.094563	-0.000153	0.000444
	85.322000	3809.969631	-37.166554	25.091461	-0.000154	0.000447
	85.869000	3839.130873	-37.158687	25.096204	-0.000156	0.000451
	86.415000	3870.345043	-37.151380	25.098054	-0.000157	0.000454
	86.957000	3897.991144	-37.161833	25.093802	-0.000157	0.000458
	87.500000	3922.776026	-37.145261	25.097764	-0.000158	0.000463
	88.044000	3966.736065	-37.148459	25.096669	-0.000160	0.000468
	88.587000	3990.870452	-37.150472	25.098099	-0.000163	0.000471
	89.130000	4029.993630	-37.133607	25.098413	-0.000164	0.000477
	89.676000	4051.492218	-37.133075	25.090567	-0.000166	0.000480
	90.221000	4073.116397	-37.136151	25.094860	-0.000167	0.000484
	90.766000	4118.874964	-37.132834	25.094046	-0.000168	0.000489
	91.313000	4151.795885	-37.109487	25.093074	-0.000170	0.000493
	91.857000	4185.924412	-37.112842	25.098679	-0.000171	0.000497
	92.398000	4220.089973	-37.115225	25.094808	-0.000172	0.000501
	92.944000	4250.296199	-37.103748	25.093612	-0.000174	0.000504
	93.486000	4286.065459	-37.109931	25.095177	-0.000175	0.000509
	94.028000	4307.691250	-37.105616	25.098077	-0.000176	0.000513
	94.571000	4349.155577	-37.092316	25.094468	-0.000179	0.000518
	95.113000	4380.769067	-37.097159	25.097813	-0.000181	0.000522
	95.658000	4396.659539	-37.089121	25.101867	-0.000181	0.000520
	96.200000	4374.378421	-37.073632	25.098296	-0.000181	0.000521
	96.743000	4366.161876	-37.078462	25.097990	-0.000181	0.000520
	97.286000	4378.028609	-37.086886	25.093069	-0.000179	0.000513
	97.831000	4280.780980	-37.088516	25.095534	-0.000175	0.000504
	98.374000	4196.390322	-37.075850	25.094662	-0.000172	0.000495
	98.918000	4121.322377	-37.081154	25.093370	-0.000169	0.000487
	99.460000	4055.267996	-37.086294	25.093948	-0.000166	0.000480
	100.002000	3975.498446	-37.083914	25.101650	-0.000163	0.000472
	100.544000	3915.021593	-37.094992	25.099511	-0.000161	0.000463
	101.086000	3840.760334	-37.089901	25.096692	-0.000158	0.000456
	101.632000	3772.492017	-37.097916	25.095943	-0.000155	0.000447
	102.178000	3697.923225	-37.084056	25.092079	-0.000153	0.000440
	102.720000	3634.187454	-37.102141	25.093220	-0.000151	0.000431
	103.259000	3559.167826	-37.084590	25.097740	-0.000148	0.000424
	103.803000	3500.273748	-37.095153	25.095542	-0.000146	0.000417
	104.345000	3438.542604	-37.103313	25.093043	-0.000143	0.000408
	104.886000	3377.928899	-37.103761	25.095219	-0.000142	0.000402
	105.427000	3303.104102	-37.113048	25.094711	-0.000139	0.000393
	105.976000	3234.375296	-37.105745	25.090747	-0.000136	0.000386
	106.522000	3165.181160	-37.114472	25.094121	-0.000134	0.000377
	107.069000	3107.976124	-37.115067	25.091446	-0.000132	0.000369
	107.614000	3041.887949	-37.117473	25.091448	-0.000129	0.000363
	108.158000	2970.093441	-37.122381	25.095975	-0.000126	0.000354
	108.705000	2903.808832	-37.111367	25.087081	-0.000124	0.000346
	109.245000	2828.943790	-37.112478	25.092607	-0.000121	0.000339
	109.790000	2775.430808	-37.130419	25.087591	-0.000118	0.000331
	110.334000	2705.143395	-37.123820	25.093617	-0.000116	0.000323
	110.879000	2639.206579	-37.130412	25.094557	-0.000114	0.000317
	111.421000	2576.343520	-37.146990	25.091469	-0.000112	0.000309
	111.963000	2514.502901	-37.126983	25.091953	-0.000110	0.000302
	112.509000	2453.428708	-37.139014	25.091659	-0.000107	0.000293
	113.051000	2390.821664	-37.135784	25.093037	-0.000104	0.000286
	113.593000	2336.444041	-37.140943	25.095058	-0.000102	0.000277
	114.133000	2263.366263	-37.127041	25.091314	-9.954559E-5	0.000270
	114.681000	2197.297421	-37.137890	25.097086	-9.667646E-5	0.000262
	115.224000	2144.972728	-37.137986	25.089298	-9.445196E-5	0.000255
	115.768000	2077.660861	-37.121012	25.088032	-9.213710E-5	0.000248
	116.310000	2018.807055	-37.136843	25.090280	-8.945228E-5	0.000240
	116.855000	1955.742735	-37.148221	25.092646	-8.740844E-5	0.000233
	117.399000	1896.136995	-37.149103	25.087582	-8.708612E-5	0.000235
	117.942000	1945.125478	-37.137948	25.099160	-8.988815E-5	0.000244
	118.488000	2016.068208	-37.140154	25.085369	-9.275732E-5	0.000251
	119.032000	2090.719089	-37.133146	25.091299	-9.477306E-5	0.000259
	119.575000	2158.327223	-37.144711	25.088965	-9.837596E-5	0.000267
	120.121000	2235.552718	-37.153206	25.084912	-0.000101	0.000278
	120.666000	2355.165130	-37.126902	25.087282	-0.000107	0.000297
	121.212000	2531.691138	-37.127144	25.085532	-0.000113	0.000319
	121.758000	2699.221303	-37.127453	25.089034	-0.000120	0.000338
	122.298000	2875.071064	-37.119811	25.088594	-0.000127	0.000357
	122.840000	3037.780483	-37.107535	25.091923	-0.000134	0.000376
	123.385000	3214.511004	-37.106199	25.088237	-0.000140	0.000394
	123.929000	3385.705873	-37.103845	25.087628	-0.000146	0.000413
	124.471000	3538.266603	-37.100850	25.086145	-0.000152	0.000431
	125.015000	3686.341490	-37.103230	25.093718	-0.000159	0.000449
	125.559000	3847.225046	-37.095443	25.095269	-0.000165	0.000467
	126.102000	4002.155922	-37.098248	25.086633	-0.000171	0.000485
	126.650000	4130.868897	-37.082578	25.090029	-0.000174	0.000497
	127.198000	4220.564964	-37.085775	25.094372	-0.000177	0.000504
	127.744000	4285.770804	-37.071332	25.096847	-0.000180	0.000510
	128.289000	4341.558936	-37.071641	25.093563	-0.000182	0.000519
	128.839000	4390.396094	-37.061491	25.092630	-0.000184	0.000526
	129.379000	4443.583852	-37.058577	25.092441	-0.000186	0.000531
	129.923000	4495.923067	-37.068302	25.098930	-0.000188	0.000538
	130.473000	4540.420901	-37.052171	25.102407	-0.000190	0.000544
	131.014000	4572.826582	-37.056216	25.093758	-0.000192	0.000550
	131.561000	4632.332533	-37.042546	25.096080	-0.000194	0.000556
	132.103000	4668.684670	-37.030904	25.098861	-0.000197	0.000562
	132.648000	4716.409226	-37.023607	25.102959	-0.000198	0.000568
	133.191000	4750.505557	-37.029227	25.094955	-0.000200	0.000574
	133.736000	4786.981675	-37.023108	25.099352	-0.000202	0.000579
	134.280000	4843.173963	-37.026615	25.097041	-0.000204	0.000583
	134.826000	4871.876325	-37.001055	25.102653	-0.000205	0.000590
	135.370000	4909.748437	-36.995774	25.096732	-0.000208	0.000596
	135.916000	4949.385262	-37.004646	25.098112	-0.000210	0.000601
	136.459000	4992.493552	-37.003058	25.096890	-0.000212	0.000608
	137.001000	5026.585056	-36.994051	25.096487	-0.000214	0.000613
	137.544000	5065.098005	-37.002578	25.102194	-0.000216	0.000618
	138.088000	5104.989236	-36.999503	25.099452	-0.000218	0.000625
	138.634000	5144.461831	-36.988728	25.093808	-0.000220	0.000630
	139.178000	5176.312021	-36.979524	25.096554	-0.000222	0.000635
	139.723000	5204.790577	-36.959416	25.102363	-0.000224	0.000641
	140.266000	5260.414494	-36.964086	25.096280	-0.000226	0.000646
	140.810000	5296.077499	-36.961333	25.094816	-0.000228	0.000653
	141.351000	5335.105698	-36.958576	25.093865	-0.000230	0.000659
	141.893000	5361.632765	-36.955816	25.096399	-0.000232	0.000664
	142.437000	5397.506700	-36.945160	25.096003	-0.000235	0.000670
	142.979000	5444.017224	-36.932900	25.094372	-0.000238	0.000676
	143.523000	5476.946212	-36.949269	25.096834	-0.000241	0.000680
	144.066000	5525.760850	-36.949247	25.100848	-0.000243	0.000688
	144.608000	5553.410188	-36.926109	25.091361	-0.000246	0.000693
	145.150000	5585.864186	-36.925281	25.094138	-0.000247	0.000701
	145.696000	5635.417881	-36.927758	25.098468	-0.000249	0.000707
	146.242000	5665.411585	-36.919771	25.095856	-0.000252	0.000713
	146.786000	5695.303851	-36.912773	25.100999	-0.000255	0.000721
	147.330000	5746.371080	-36.911849	25.101347	-0.000258	0.000728
	147.873000	5779.246938	-36.910319	25.101505	-0.000261	0.000734
	148.418000	5819.959353	-36.907537	25.098635	-0.000264	0.000743
	148.961000	5848.735793	-36.891471	25.093232	-0.000267	0.000751
	149.505000	5892.182228	-36.905454	25.096814	-0.000270	0.000759
	150.048000	5932.155590	-36.885198	25.101448	-0.000274	0.000765
	150.591000	5964.768998	-36.886592	25.095897	-0.000277	0.000774
	151.133000	5997.860618	-36.874065	25.101542	-0.000281	0.000782
	151.677000	6039.445733	-36.856308	25.095046	-0.000284	0.000791
	152.219000	6079.109951	-36.865241	25.096991	-0.000287	0.000799
	152.766000	6115.903288	-36.860733	25.093235	-0.000290	0.000808
	153.311000	6152.455103	-36.867360	25.096101	-0.000294	0.000817
	153.855000	6196.840257	-36.854518	25.106142	-0.000299	0.000827
	154.397000	6225.380012	-36.846103	25.094074	-0.000302	0.000836
	154.939000	6266.770304	-36.842545	25.102244	-0.000306	0.000846
	155.483000	6307.568066	-36.839260	25.101370	-0.000310	0.000856
	156.024000	6335.198092	-36.831170	25.098848	-0.000314	0.000865
	156.568000	6380.631451	-36.822608	25.099945	-0.000318	0.000878
	157.112000	6408.295292	-36.824076	25.101948	-0.000324	0.000888
	157.659000	6448.128581	-36.841749	25.096893	-0.000328	0.000900
	158.208000	6481.579270	-36.818466	25.102384	-0.000333	0.000912
	158.748000	6517.007214	-36.815829	25.097373	-0.000338	0.000924
	159.290000	6561.814233	-36.810399	25.100193	-0.000345	0.000937
	159.832000	6588.592497	-36.801676	25.104009	-0.000350	0.000951
	160.373000	6629.812122	-36.807691	25.106319	-0.000356	0.000964
	160.916000	6662.283849	-36.812963	25.106211	-0.000361	0.000979
	161.459000	6702.044687	-36.787245	25.101038	-0.000368	0.000994
	162.000000	6723.187457	-36.787986	25.100291	-0.000377	0.001009
	162.545000	6764.450559	-36.784292	25.104643	-0.000384	0.001027
	163.087000	6791.499330	-36.773420	25.104208	-0.000391	0.001044
	163.631000	6830.023583	-36.760240	25.108045	-0.000400	0.001062
	164.174000	6862.265062	-36.772989	25.101935	-0.000410	0.001082
	164.718000	6888.582831	-36.764265	25.102693	-0.000420	0.001100
	165.258000	6933.471975	-36.760620	25.107066	-0.000429	0.001122
	165.803000	6958.566037	-36.758002	25.105271	-0.000440	0.001145
	166.348000	6989.723893	-36.755647	25.099297	-0.000450	0.001166
	166.893000	7023.383910	-36.748572	25.106537	-0.000462	0.001189
	167.437000	7049.872355	-36.736709	25.106198	-0.000474	0.001213
	167.982000	7073.068061	-36.737916	25.099961	-0.000487	0.001238
	168.526000	7101.438763	-36.730323	25.106950	-0.000501	0.001265
	169.069000	7119.601165	-36.725737	25.109343	-0.000514	0.001292
	169.611000	7151.066561	-36.732561	25.104980	-0.000529	0.001321
	170.156000	7170.006663	-36.727940	25.111127	-0.000545	0.001351
	170.705000	7201.980864	-36.724188	25.104384	-0.000561	0.001383
	171.245000	7233.587954	-36.713626	25.106925	-0.000579	0.001417
	171.787000	7248.150080	-36.715381	25.110567	-0.000598	0.001451
	172.329000	7268.605326	-36.710244	25.105946	-0.000616	0.001487
	172.872000	7282.211027	-36.696361	25.109552	-0.000634	0.001525
	173.414000	7300.518344	-36.694719	25.106442	-0.000654	0.001561
	173.958000	7326.171130	-36.698500	25.110548	-0.000674	0.001599
	174.502000	7340.171317	-36.691563	25.108598	-0.000695	0.001637
	175.050000	7366.046302	-36.687238	25.113581	-0.000716	0.001679
	175.592000	7374.097014	-36.681290	25.113530	-0.000738	0.001720
	176.137000	7394.016084	-36.670818	25.113874	-0.000761	0.001763
	176.682000	7413.609906	-36.660851	25.118093	-0.000809	0.001897
	177.227000	7660.615414	-36.641162	25.117344	-0.000955	0.002173
	177.769000	7711.695577	-36.615770	25.121949	-0.001118	0.002468
	178.314000	7769.715456	-36.598380	25.124695	-0.001286	0.002770
	178.859000	7827.266785	-36.571564	25.131324	-0.001463	0.003085
	179.405000	7872.624506	-36.543480	25.131227	-0.001640	0.003397
	179.948000	7930.067959	-36.520342	25.141257	-0.001818	0.003710
	180.491000	7982.476498	-36.518474	25.138159	-0.001997	0.004021
	181.028000	8024.783002	-36.483585	25.151100	-0.002176	0.004338
	181.572000	8071.006985	-36.458634	25.156690	-0.002355	0.004654
	182.114000	8116.123191	-36.445006	25.161606	-0.002536	0.004973
	182.661000	8163.921897	-36.391294	25.171842	-0.002715	0.005287
	183.201000	8216.602557	-36.388512	25.185258	-0.002895	0.005606
	183.745000	8258.752883	-36.369567	25.198410	-0.003077	0.005926
	184.290000	8306.860740	-36.331139	25.194056	-0.003256	0.006242
	184.836000	8341.116537	-36.325561	25.202043	-0.003436	0.006563
	185.378000	8382.758062	-36.294620	25.220301	-0.003616	0.006877
	185.922000	8433.793163	-36.278110	25.224524	-0.003792	0.007195
	186.467000	8472.488127	-36.247632	25.234166	-0.003970	0.007512
	187.006000	8504.834298	-36.224733	25.240149	-0.004147	0.007830
	187.552000	8554.351039	-36.218836	25.246802	-0.004326	0.008148
	188.095000	8597.771778	-36.180038	25.261243	-0.004503	0.008466
	188.639000	8636.819367	-36.175262	25.259729	-0.004678	0.008778
	189.181000	8670.070443	-36.140943	25.278832	-0.004855	0.009097
	189.730000	8720.740051	-36.128229	25.286803	-0.005034	0.009411
	190.271000	8759.895524	-36.098210	25.293936	-0.005209	0.009728
	190.816000	8785.941208	-36.085673	25.303526	-0.005385	0.010039
	191.358000	8827.193090	-36.048230	25.306914	-0.005558	0.010352
	191.899000	8870.916544	-36.024010	25.313794	-0.005735	0.010666
	192.444000	8909.387710	-36.008540	25.325191	-0.005908	0.010980
	192.988000	8937.074133	-35.984568	25.335491	-0.006082	0.011292
	193.531000	8975.756230	-35.968205	25.342637	-0.006258	0.011610
	194.074000	9028.428868	-35.945303	25.349983	-0.006435	0.011921
	194.618000	9051.151220	-35.907583	25.361264	-0.006609	0.012235
	195.160000	9086.223377	-35.900279	25.371654	-0.006782	0.012548
	195.705000	9118.724134	-35.867155	25.376536	-0.006955	0.012858
	196.248000	9162.238278	-35.847975	25.389298	-0.007131	0.013173
	196.791000	9188.056940	-35.824016	25.390928	-0.007304	0.013485
	197.335000	9217.910622	-35.821014	25.400515	-0.007477	0.013799
	197.880000	9255.224104	-35.779962	25.412569	-0.007652	0.014114
	198.423000	9295.015598	-35.759880	25.420040	-0.007823	0.014421
	198.966000	9315.551379	-35.737679	25.426176	-0.007998	0.014737
	199.511000	9343.466451	-35.718618	25.431294	-0.008170	0.015045
	200.051000	9391.622647	-35.676509	25.444064	-0.008342	0.015359
	200.595000	9426.888030	-35.673389	25.443397	-0.008515	0.015673
	201.141000	9463.151703	-35.646789	25.462555	-0.008691	0.015991
	201.687000	9480.610500	-35.629280	25.472208	-0.008862	0.016303
	202.232000	9522.680355	-35.606686	25.476435	-0.009036	0.016617
	202.775000	9538.149014	-35.582002	25.491385	-0.009206	0.016927
	203.321000	9591.621915	-35.552601	25.493318	-0.009380	0.017244
	203.864000	9612.883875	-35.542892	25.508936	-0.009550	0.017555
	204.408000	9639.942356	-35.510901	25.510572	-0.009724	0.017872
	204.953000	9672.480160	-35.481815	25.524992	-0.009895	0.018183
	205.497000	9697.775534	-35.460999	25.531094	-0.010070	0.018502
	206.042000	9722.230412	-35.444608	25.538382	-0.010240	0.018814
	206.585000	9748.902461	-35.410659	25.555087	-0.010412	0.019128
	207.130000	9782.634995	-35.392384	25.558618	-0.010581	0.019440
	207.675000	9815.826521	-35.368241	25.564386	-0.010751	0.019754
	208.214000	9842.273151	-35.354716	25.577989	-0.010925	0.020071
	208.762000	9865.942281	-35.316371	25.585504	-0.011096	0.020386
	209.304000	9897.530106	-35.316159	25.586315	-0.011266	0.020698
	209.845000	9926.395176	-35.285566	25.596984	-0.011438	0.021010
	210.392000	9946.009962	-35.266305	25.607307	-0.011607	0.021324
	210.934000	9979.330304	-35.238630	25.617876	-0.011779	0.021639
	211.475000	10004.946102	-35.216232	25.631930	-0.011949	0.021954
	212.020000	10029.996740	-35.205805	25.633315	-0.012118	0.022266
	212.565000	10062.276931	-35.157149	25.639620	-0.012289	0.022581
	213.104000	10090.101851	-35.154315	25.646225	-0.012456	0.022893
	213.644000	10114.374790	-35.126991	25.656116	-0.012627	0.023208
	214.186000	10130.574461	-35.095474	25.667206	-0.012795	0.023519
	214.730000	10157.033979	-35.079726	25.677960	-0.012963	0.023832
	215.275000	10185.602788	-35.052640	25.676216	-0.013133	0.024149
	215.817000	10210.355553	-35.031222	25.687212	-0.013302	0.024464
	216.358000	10227.838511	-35.009527	25.701871	-0.013470	0.024777
	216.902000	10252.571954	-34.992826	25.710925	-0.013638	0.025089
	217.446000	10271.726245	-34.956965	25.715300	-0.013807	0.025401
	217.987000	10314.636621	-34.941278	25.724890	-0.013972	0.025713
	218.530000	10332.390086	-34.920037	25.728752	-0.014139	0.026024
	219.071000	10357.036584	-34.914176	25.737951	-0.014305	0.026334
	219.614000	10375.959016	-34.881300	25.747921	-0.014471	0.026645
	220.156000	10396.837773	-34.852997	25.756983	-0.014639	0.026961
	220.704000	10427.266306	-34.822227	25.769613	-0.014806	0.027273
	221.248000	10455.686987	-34.805871	25.777344	-0.014972	0.027589
	221.794000	10463.267553	-34.786314	25.785865	-0.015140	0.027902
	222.340000	10486.002811	-34.761076	25.796421	-0.015308	0.028213
	222.878000	10517.759716	-34.740505	25.807688	-0.015472	0.028523
	223.424000	10542.609095	-34.707075	25.808340	-0.015639	0.028837
	223.965000	10565.323422	-34.697510	25.819662	-0.015803	0.029146
	224.507000	10576.802152	-34.668147	25.831927	-0.015970	0.029462
	225.052000	10595.362304	-34.657240	25.844801	-0.016135	0.029774
	225.596000	10614.379736	-34.627240	25.848813	-0.016301	0.030086
	226.140000	10645.724448	-34.585749	25.850758	-0.016466	0.030400
	226.686000	10657.494614	-34.582626	25.866773	-0.016632	0.030713
	227.229000	10678.751761	-34.553005	25.874054	-0.016795	0.031024
	227.772000	10708.151417	-34.534582	25.879667	-0.016961	0.031340
	228.314000	10721.456054	-34.512281	25.888873	-0.017124	0.031650
	228.858000	10746.447131	-34.489632	25.898486	-0.017289	0.031964
	229.402000	10765.049149	-34.470910	25.907786	-0.017452	0.032276
	229.944000	10781.802719	-34.433944	25.911130	-0.017617	0.032591
	230.490000	10800.406347	-34.423890	25.924933	-0.017782	0.032902
	231.030000	10830.403371	-34.380586	25.928949	-0.017945	0.033215
	231.571000	10836.185406	-34.377224	25.938336	-0.018109	0.033529
	232.113000	10866.243615	-34.357368	25.947469	-0.018273	0.033842
	232.657000	10870.642535	-34.338799	25.951359	-0.018437	0.034155
	233.200000	10893.384241	-34.307008	25.962709	-0.018602	0.034470
	233.748000	10907.582511	-34.277066	25.967187	-0.018765	0.034783
	234.290000	10935.217452	-34.253097	25.980853	-0.018929	0.035098
	234.834000	10951.151460	-34.254736	25.991300	-0.019092	0.035413
	235.378000	10977.174646	-34.221367	25.995114	-0.019255	0.035725
	235.917000	10988.787022	-34.192984	26.003432	-0.019419	0.036038
	236.460000	11011.585085	-34.157203	26.015080	-0.019583	0.036355
	237.005000	11037.600221	-34.155960	26.023052	-0.019747	0.036593
	237.550000	11050.243092	-34.129254	26.032929	-0.019905	0.036889
	238.094000	11060.097188	-34.096542	26.039523	-0.020062	0.037188
	238.638000	11072.807684	-34.086707	26.048437	-0.020222	0.037492
	239.181000	11090.450060	-34.063595	26.066592	-0.020381	0.037794
	239.726000	11118.827283	-34.039191	26.062262	-0.020540	0.038096
	240.267000	11132.036925	-34.018304	26.074177	-0.020700	0.038396
	240.807000	11157.443430	-33.984082	26.084423	-0.020861	0.038690
	241.349000	11161.992093	-33.972144	26.089891	-0.020665	0.035847
	241.891000	11185.780400	-33.945438	26.098692	-0.020712	0.035961
	242.435000	11196.787363	-33.914932	26.109564	-0.020805	0.036146
	242.979000	11214.032034	-33.893816	26.121109	-0.020910	0.036356
	243.521000	11231.376535	-33.873509	26.122900	-0.020993	0.036563
	244.065000	11248.252483	-33.854954	26.136451	-0.021012	0.036770
	244.612000	11268.628891	-33.829597	26.143112	-0.021012	0.036987
	245.154000	11275.760231	-33.797043	26.153682	-0.021067	0.037212
	245.698000	11296.872476	-33.785620	26.155363	-0.021172	0.037440
	246.240000	11313.434446	-33.769300	26.173237	-0.021282	0.037666
	246.780000	11325.053266	-33.743276	26.174089	-0.021392	0.037892
	247.321000	11344.484519	-33.710004	26.189510	-0.021481	0.038118
	247.864000	11357.641029	-33.702163	26.198812	-0.021576	0.038344
	248.409000	11384.121506	-33.676046	26.204270	-0.021689	0.038572
	248.955000	11392.003176	-33.651571	26.216398	-0.021798	0.038795
	249.499000	11402.697772	-33.631599	26.222652	-0.021917	0.039022
	250.042000	11436.232303	-33.600404	26.231040	-0.022038	0.039252
	250.587000	11431.044409	-33.594047	26.240250	-0.022156	0.039472
	251.128000	11454.874585	-33.557020	26.249173	-0.022278	0.039701
	251.669000	11473.970931	-33.537031	26.260282	-0.022399	0.039926
	252.213000	11487.320660	-33.505997	26.267945	-0.022517	0.040145
	252.754000	11497.617551	-33.493663	26.269900	-0.022638	0.040361
	253.300000	11523.734137	-33.470381	26.282973	-0.022757	0.040576
	253.844000	11522.787371	-33.444164	26.292613	-0.022876	0.040790
	254.387000	11542.704890	-33.421876	26.305153	-0.022992	0.041003
	254.933000	11562.527413	-33.402455	26.306671	-0.023105	0.041204
	255.488000	11570.407474	-33.373565	26.322208	-0.023220	0.041414
	256.031000	11588.209261	-33.353715	26.329625	-0.023337	0.041622
	256.578000	11602.858381	-33.331022	26.336146	-0.023452	0.041828
	257.121000	11619.019430	-33.310337	26.346847	-0.023567	0.042031
	257.664000	11620.829235	-33.280389	26.355275	-0.023679	0.042231
	258.208000	11635.574964	-33.251776	26.362379	-0.023795	0.042437
	258.752000	11665.563958	-33.231842	26.374954	-0.023908	0.042632
	259.295000	11676.994395	-33.211551	26.378912	-0.024020	0.042824
	259.838000	11693.617556	-33.205307	26.386028	-0.024133	0.043016
	260.384000	11700.310940	-33.176749	26.399684	-0.024248	0.043215
	260.925000	11713.549571	-33.157775	26.407290	-0.024360	0.043401
	261.470000	11725.360002	-33.120288	26.417254	-0.024471	0.043586
	262.012000	11738.687193	-33.105010	26.424585	-0.024581	0.043772
	262.555000	11757.996082	-33.088532	26.433623	-0.024691	0.043963
	263.099000	11764.325572	-33.060061	26.439737	-0.024799	0.044157
	263.642000	11773.041300	-33.027881	26.447992	-0.024903	0.044355
	264.182000	11789.516329	-33.023070	26.455132	-0.025011	0.044555
	264.728000	11800.627958	-32.993555	26.461634	-0.025120	0.044750
	265.273000	11819.057707	-32.959169	26.472575	-0.025230	0.044941
	265.815000	11826.878193	-32.940449	26.476209	-0.025340	0.044999
	266.360000	11837.089750	-32.913904	26.491472	-0.025446	0.044999
	266.902000	11854.754680	-32.899728	26.497256	-0.025554	0.044999
	267.447000	11867.188240	-32.871460	26.506571	-0.025658	0.044999
	267.989000	11871.865719	-32.856048	26.519478	-0.025760	0.044999
	268.533000	11890.786564	-32.834362	26.523123	-0.025864	0.044999
	269.076000	11896.306150	-32.811894	26.534685	-0.025967	0.044999
	269.622000	11922.606303	-32.775924	26.545647	-0.026067	0.044999
	270.163000	11927.109887	-32.749523	26.551635	-0.026168	0.044999
	270.705000	11941.379015	-32.737508	26.557799	-0.026264	0.044999
	271.248000	11955.904159	-32.712931	26.571033	-0.026355	0.044999
	271.791000	11960.048679	-32.689519	26.573459	-0.026448	0.044999
	272.334000	11977.034129	-32.657490	26.583373	-0.026543	0.044999
	272.877000	11990.652760	-32.660163	26.595458	-0.026636	0.044999
	273.424000	11992.840950	-32.624025	26.606405	-0.026726	0.044999
	273.965000	12014.932179	-32.609131	26.615129	-0.026819	0.044999
	274.507000	12023.189018	-32.580821	26.620163	-0.026909	0.044999
	275.047000	12038.068393	-32.555822	26.636530	-0.027003	0.044999
	275.589000	12040.235654	-32.551004	26.644024	-0.027098	0.044999
	276.130000	12051.298980	-32.502970	26.651508	-0.027193	0.044999
	276.672000	12073.710629	-32.500204	26.659202	-0.027290	0.044999
	277.214000	12084.228115	-32.481149	26.670294	-0.027386	0.044999
	277.755000	12086.334189	-32.448830	26.675168	-0.027486	0.044999
	278.297000	12102.107199	-32.427528	26.683000	-0.027554	0.044999
	278.840000	12110.937250	-32.408660	26.690814	-0.027554	0.044999
	279.383000	12118.717487	-32.371578	26.705385	-0.027554	0.044999
	279.927000	12134.595155	-32.362455	26.712793	-0.027554	0.044999
	280.472000	12153.111858	-32.331012	26.722483	-0.027554	0.044999
	281.016000	12153.105418	-32.313390	26.732085	-0.027554	0.044999
	281.557000	12165.851350	-32.301420	26.737711	-0.027554	0.044999
	282.097000	12165.825587	-32.280282	26.746495	-0.027554	0.044999
	282.639000	12187.770297	-32.254687	26.758064	-0.027554	0.044999
	283.182000	12197.870756	-32.221119	26.767519	-0.027554	0.044999
	283.724000	12213.028691	-32.203491	26.774415	-0.027554	0.044999
	284.270000	12231.999457	-32.171117	26.784216	-0.027554	0.044999
	284.816000	12234.501626	-32.150868	26.786931	-0.027554	0.044999
	285.363000	12232.579109	-32.136479	26.801796	-0.027554	0.044999
	285.904000	12253.858828	-32.109841	26.808181	-0.027554	0.044999
	286.446000	12256.478540	-32.091997	26.813782	-0.027554	0.044999
	286.989000	12268.256774	-32.073815	26.822316	-0.027554	0.044999
	287.535000	12277.167335	-32.055962	26.834673	-0.027554	0.044999
	288.076000	12294.833882	-32.019634	26.841539	-0.027554	0.044999
	288.621000	12308.280230	-31.993710	26.854808	-0.027554	0.044999
	289.164000	12313.411773	-31.985621	26.859185	-0.027554	0.044999
	289.703000	12320.517358	-31.950626	26.867574	-0.027554	0.044999
	290.249000	12325.642460	-31.923343	26.882281	-0.027554	0.044999
	290.787000	12337.314426	-31.905866	26.889010	-0.027554	0.044999
	291.329000	12340.306082	-31.885562	26.893623	-0.027554	0.044999
	291.871000	12368.791216	-31.854905	26.901544	-0.027554	0.044999
	292.415000	12376.619758	-31.842523	26.912622	-0.027554	0.044999
	292.958000	12391.410582	-31.812709	26.922264	-0.027554	0.044999
	293.503000	12388.137150	-31.790370	26.931593	-0.027554	0.044999
	294.042000	12383.160182	-31.774761	26.945064	-0.027554	0.044999
	294.582000	12400.999016	-31.743325	26.946437	-0.027554	0.044999
	295.126000	12415.868736	-31.724933	26.952656	-0.027554	0.044999
	295.669000	12421.492985	-31.707003	26.965122	-0.027554	0.044999
	296.209000	12441.755094	-31.693561	26.970331	-0.027554	0.044999
	296.751000	12438.777930	-31.642535	26.981511	-0.027554	0.044999
	297.294000	12457.838868	-31.642506	26.986315	-0.027554	0.044999
	297.835000	12460.772560	-31.607901	26.996208	-0.027554	0.044999
	298.378000	12465.889611	-31.589490	27.005528	-0.027554	0.044999
	298.921000	12478.928594	-31.570455	27.016931	-0.027554	0.044999
	299.465000	12483.284046	-31.546068	27.025741	-0.027554	0.044999
	300.008000	12498.525712	-31.526079	27.033176	-0.027554	0.044999
	300.555000	12501.646181	-31.497148	27.048914	-0.027554	0.044999
	301.099000	12522.566842	-31.471237	27.050813	-0.027554	0.044999
	301.645000	12531.295458	-31.445745	27.058377	-0.027554	0.044999
	302.186000	12535.892431	-31.414702	27.071858	-0.027554	0.044999
	302.725000	12537.633003	-31.417951	27.079395	-0.027554	0.044999
	303.269000	12540.821098	-31.378064	27.089612	-0.027554	0.044999
	303.811000	12546.862376	-31.360694	27.102896	-0.027554	0.044999
	304.353000	12572.347810	-31.333334	27.105340	-0.027554	0.044999
	304.896000	12571.644175	-31.317983	27.115087	-0.027554	0.044999
	305.440000	12582.234122	-31.302909	27.125408	-0.027554	0.044999
	305.980000	12588.724633	-31.260104	27.133037	-0.027554	0.044999
	306.525000	12603.890624	-31.236731	27.144233	-0.027554	0.044999
	307.069000	12611.591965	-31.227228	27.149533	-0.027554	0.044999
	307.609000	12686.244906	-31.191834	27.167123	-0.027554	0.044999
	308.153000	12713.834809	-31.146479	27.172910	-0.027554	0.044999
	308.693000	12727.989628	-31.095105	27.177821	-0.027554	0.044999
	309.236000	12742.382750	-31.064818	27.191822	-0.027554	0.044999
	309.779000	12754.093364	-31.015210	27.205502	-0.027554	0.044999
	310.325000	12772.371775	-30.988961	27.224198	-0.027446	0.044999
	310.866000	12790.856287	-30.921270	27.231575	-0.027136	0.044999
	311.409000	12805.238140	-30.883853	27.247756	-0.026896	0.044837
	311.951000	12813.203547	-30.842939	27.263282	-0.026724	0.044495
	312.492000	12832.225848	-30.793211	27.280332	-0.026592	0.044211
	313.035000	12857.964083	-30.752745	27.301654	-0.026464	0.043813
	313.581000	12862.367840	-30.708540	27.320496	-0.026335	0.043247
	314.122000	12888.659967	-30.663475	27.335656	-0.026237	0.042829
	314.664000	12888.093195	-30.613386	27.355840	-0.026107	0.042051
	315.211000	12903.693930	-30.557965	27.373629	-0.025979	0.041303
	315.755000	12919.526529	-30.519295	27.387301	-0.025868	0.040584
	316.303000	12946.087551	-30.473229	27.412116	-0.025752	0.039844
	316.843000	12952.718146	-30.415469	27.425786	-0.025628	0.039113
	317.387000	12963.325810	-30.384287	27.442920	-0.025469	0.038350
	317.926000	12980.725084	-30.331822	27.467345	-0.025301	0.037648
	318.474000	12983.697420	-30.289926	27.481132	-0.025159	0.036814
	319.019000	13000.214333	-30.246661	27.496523	-0.025026	0.036136
	319.563000	13024.150814	-30.190737	27.515140	-0.024916	0.035506
	320.102000	13027.002389	-30.144168	27.535347	-0.024819	0.034949
	320.646000	13050.903448	-30.109836	27.553766	-0.024709	0.034328
	321.189000	13053.381469	-30.066082	27.576633	-0.024588	0.033709
	321.731000	13070.643881	-30.022772	27.592927	-0.024404	0.033086
	322.279000	13092.678777	-29.975463	27.610880	-0.024222	0.032509
	322.817000	13099.934111	-29.922160	27.628654	-0.024028	0.031960
	323.360000	13108.907475	-29.883768	27.645812	-0.023845	0.031450
	323.903000	13118.502357	-29.832562	27.667268	-0.023691	0.031014
	324.447000	13131.823124	-29.802468	27.680355	-0.023571	0.030623
	324.990000	13144.353308	-29.754096	27.703481	-0.023446	0.030206
	325.538000	13152.523209	-29.707459	27.727943	-0.023196	0.029711
	326.082000	13165.652369	-29.645095	27.747064	-0.022930	0.029209
	326.624000	13181.074382	-29.597882	27.763545	-0.022640	0.028702
	327.171000	13193.182708	-29.567630	27.786080	-0.022399	0.028247
	327.715000	13204.283080	-29.516408	27.806096	-0.022222	0.027871
	328.259000	13212.578572	-29.472483	27.818987	-0.022073	0.027507
	328.800000	13218.402483	-29.426900	27.832283	-0.022217	0.027094
	329.344000	13236.331502	-29.373536	27.855820	-0.022198	0.026789
	329.885000	13239.827137	-29.330287	27.876959	-0.021795	0.026038
	330.428000	13250.542684	-29.283052	27.896346	-0.021734	0.024982
	330.972000	13266.827739	-29.243474	27.917541	-0.021689	0.024569
	331.515000	13270.692099	-29.194738	27.931071	-0.021652	0.024255
	332.060000	13279.857072	-29.152469	27.951103	-0.021619	0.023991
	332.600000	13287.143000	-29.099730	27.973886	-0.021587	0.023752
	333.143000	13302.165698	-29.066883	27.992408	-0.021583	0.023599
	333.687000	13301.083678	-29.022442	28.011022	-0.021564	0.023429
	334.232000	13307.334279	-28.976817	28.036901	-0.021541	0.023252
	334.772000	13330.855350	-28.929231	28.048885	-0.021517	0.023069
	335.317000	13338.883558	-28.884868	28.070476	-0.021483	0.022877
	335.861000	13341.999198	-28.857218	28.097332	-0.021450	0.022682
	336.405000	13354.357098	-28.797781	28.113154	-0.021419	0.022496
	336.950000	13356.951052	-28.737101	28.131240	-0.021389	0.022319
	337.491000	13370.622835	-28.697111	28.150029	-0.021380	0.022167
	338.032000	13380.895591	-28.657611	28.172058	-0.021356	0.022016
	338.577000	13390.691745	-28.610636	28.193673	-0.021316	0.021831
	339.119000	13400.101462	-28.565919	28.211849	-0.021263	0.021663
	339.660000	13402.724396	-28.525379	28.231967	-0.021216	0.021505
	340.203000	13416.196522	-28.467049	28.254960	-0.021172	0.021367
	340.745000	13416.410672	-28.425079	28.271556	-0.021139	0.021231
	341.291000	13432.272261	-28.391231	28.289750	-0.021109	0.021100
	341.836000	13431.694217	-28.341026	28.309238	-0.021078	0.020973
	342.380000	13449.283497	-28.298715	28.332613	-0.021051	0.020848
	342.920000	13457.311706	-28.248919	28.353992	-0.021021	0.020729
	343.464000	13460.493363	-28.198972	28.371372	-0.020991	0.020606
	344.006000	13463.425447	-28.160164	28.392282	-0.020959	0.020471
	344.548000	13476.765540	-28.099816	28.407281	-0.020919	0.020348
	345.092000	13479.509237	-28.071442	28.428447	-0.020870	0.020222
	345.636000	13484.088504	-28.031262	28.448536	-0.020803	0.020086
	346.180000	13494.578632	-27.957192	28.467296	-0.020736	0.019960
	346.724000	13505.463248	-27.929758	28.490987	-0.020679	0.019844
	347.269000	13518.814614	-27.880404	28.508692	-0.020607	0.019731
	347.810000	13517.481409	-27.845586	28.532703	-0.020509	0.019624
	348.355000	13523.108884	-27.784165	28.549944	-0.020421	0.019528
	348.896000	13531.534801	-27.755430	28.576217	-0.020352	0.019438
	349.440000	13534.059517	-27.705400	28.595652	-0.020291	0.019350
	349.980000	13546.282168	-27.650626	28.617440	-0.020231	0.019283
	350.523000	13556.682128	-27.621968	28.637536	-0.020167	0.019223
	351.061000	13564.248225	-27.567049	28.659005	-0.020096	0.019174
	351.601000	13564.296530	-27.527626	28.688562	-0.020021	0.019120
	352.149000	13569.342741	-27.471406	28.705264	-0.019916	0.019080
	352.692000	13563.922976	-27.429095	28.726060	-0.019832	0.019040
	353.234000	13581.626578	-27.375332	28.748430	-0.019763	0.018997
	353.779000	13590.084698	-27.330354	28.770152	-0.019702	0.018963
	354.324000	13590.773843	-27.298988	28.791682	-0.019643	0.018936
	354.868000	13592.691531	-27.249949	28.809890	-0.019582	0.018905
	355.412000	13598.447819	-27.201761	28.834641	-0.019524	0.018878
	355.950000	13612.945615	-27.158370	28.849059	-0.019461	0.018848
	356.491000	13616.492775	-27.110597	28.879292	-0.019401	0.018815
	357.037000	13620.980264	-27.068108	28.899513	-0.019348	0.018785
	357.578000	13625.408178	-27.024921	28.915384	-0.019283	0.018760
	358.124000	13625.163435	-26.970559	28.943120	-0.019215	0.018735
	358.666000	13632.037167	-26.930557	28.962227	-0.019150	0.018718
	359.213000	13636.928805	-26.896689	28.978675	-0.019090	0.018695
	359.756000	13650.297884	-26.840256	29.008239	-0.019035	0.018680
	360.301000	13656.529166	-26.790464	29.027695	-0.018981	0.018670
	360.843000	13661.717071	-26.758003	29.049331	-0.018931	0.018660
	361.383000	13662.087407	-26.711666	29.071067	-0.018888	0.018646
	361.925000	13656.324678	-26.655871	29.095214	-0.018846	0.018631
	362.469000	13665.362452	-26.610484	29.114077	-0.018808	0.018611
	363.012000	13678.415943	-26.583589	29.132987	-0.018771	0.018594
	363.556000	13686.679235	-26.524374	29.155862	-0.018735	0.018578
	364.101000	13678.454586	-26.479103	29.175086	-0.018703	0.018561
	364.645000	13684.259179	-26.438273	29.199601	-0.018668	0.018543
	365.190000	13695.095492	-26.382938	29.226541	-0.018625	0.018516
	365.733000	13697.100129	-26.340652	29.241091	-0.018594	0.018490
	366.275000	13710.752596	-26.295017	29.268532	-0.018566	0.018467
	366.815000	13705.195967	-26.252577	29.290284	-0.018544	0.018443
	367.360000	13711.003780	-26.197088	29.304482	-0.018523	0.018418
	367.900000	13713.800612	-26.170424	29.332014	-0.018502	0.018396
	368.443000	13721.712893	-26.109435	29.350634	-0.018486	0.018371
	368.988000	13732.335055	-26.064847	29.376297	-0.018470	0.018349
	369.530000	13726.520802	-26.013122	29.395119	-0.018454	0.018326
	370.073000	13729.011705	-25.988113	29.415795	-0.018441	0.018303
	370.615000	13731.924467	-25.935027	29.439547	-0.018426	0.018282
	371.156000	13742.920187	-25.886574	29.456407	-0.018417	0.018258
	371.696000	13745.055245	-25.837977	29.481974	-0.018407	0.018236
	372.243000	13746.657345	-25.794876	29.507671	-0.018396	0.018214
	372.784000	13751.049836	-25.756216	29.523564	-0.018385	0.018192
	373.330000	13755.331227	-25.711699	29.548936	-0.018375	0.018174
	373.874000	13751.875844	-25.668399	29.568583	-0.018366	0.018154
	374.418000	13760.132696	-25.620165	29.592789	-0.018348	0.018135
	374.962000	13754.284628	-25.568360	29.614197	-0.018335	0.018114
	375.507000	13769.408774	-25.530100	29.639129	-0.018326	0.018094
	376.050000	13771.848153	-25.485106	29.656944	-0.018319	0.018074
	376.592000	13775.691582	-25.432390	29.682720	-0.018309	0.018056
	377.136000	13771.606630	-25.395231	29.700236	-0.018301	0.018036
	377.680000	13781.344821	-25.350691	29.728147	-0.018298	0.018016
	378.224000	13789.967179	-25.302827	29.748775	-0.018294	0.017992
	378.765000	13788.208895	-25.262941	29.768806	-0.018292	0.017966
	379.309000	13791.730294	-25.207738	29.795073	-0.018289	0.017946
	379.853000	13794.866867	-25.152443	29.815241	-0.018282	0.017928
	380.394000	13795.235592	-25.118784	29.840466	-0.018277	0.017909
	380.935000	13800.178755	-25.079596	29.862561	-0.018273	0.017882
	381.480000	13800.946796	-25.026697	29.886595	-0.018258	0.017862
	382.020000	13799.782658	-24.978202	29.910756	-0.018252	0.017841
	382.563000	13814.790873	-24.933823	29.931434	-0.018243	0.017822
	383.105000	13800.476634	-24.895611	29.958983	-0.018236	0.017801
	383.647000	13821.804689	-24.860616	29.981628	-0.018231	0.017777
	384.192000	13809.240684	-24.804045	30.007253	-0.018227	0.017756
	384.737000	13818.033718	-24.759831	30.030946	-0.018222	0.017738
	385.279000	13820.849870	-24.715287	30.054714	-0.018219	0.017725
	385.825000	13818.903199	-24.655274	30.079044	-0.018214	0.017709
	386.368000	13827.607673	-24.627170	30.106973	-0.018206	0.017693
	386.909000	13825.290667	-24.576760	30.126177	-0.018200	0.017676
	387.457000	13825.116771	-24.527885	30.147538	-0.018196	0.017660
	387.998000	13836.482825	-24.475372	30.173190	-0.017871	0.017626
	388.541000	13829.889258	-24.433547	30.198691	-0.017774	0.017605
	389.087000	13831.895504	-24.400481	30.222968	-0.017701	0.017586
	389.631000	13839.078388	-24.346618	30.241582	-0.017643	0.017558
	390.173000	13836.901464	-24.299148	30.265912	-0.017595	0.017526
	390.718000	13837.914249	-24.259235	30.292651	-0.017553	0.017493
	391.267000	13834.959622	-24.212113	30.311269	-0.017510	0.017460
	391.808000	13843.356559	-24.166211	30.340501	-0.017473	0.017424
	392.356000	13840.215154	-24.125435	30.356376	-0.017436	0.017389
	392.904000	13840.131426	-24.066823	30.384755	-0.017400	0.017354
	393.448000	13853.486017	-24.035299	30.406533	-0.017367	0.017318
	393.983000	13853.965842	-23.986325	30.435332	-0.017333	0.017285
	394.525000	13851.515193	-23.944036	30.462264	-0.017296	0.017256
	395.066000	13851.782477	-23.899889	30.485644	-0.017261	0.017225
	395.606000	13860.224498	-23.849594	30.504422	-0.017227	0.017188
	396.156000	13856.381068	-23.811366	30.538729	-0.017197	0.017152
	396.695000	13861.936090	-23.751752	30.556713	-0.017167	0.017119
	397.240000	13854.738714	-23.709000	30.587872	-0.017138	0.017085
	397.786000	13861.696176	-23.672675	30.607842	-0.017115	0.017040
	398.332000	13863.918185	-23.623433	30.634851	-0.017098	0.017001
	398.877000	13877.185828	-23.581952	30.653087	-0.017084	0.016964
	399.421000	13867.742293	-23.525710	30.681542	-0.017063	0.016934
	399.962000	13861.185759	-23.490805	30.714959	-0.017043	0.016906
	400.502000	13874.100779	-23.437255	30.733308	-0.017024	0.016879
	401.042000	13871.001239	-23.397404	30.763973	-0.017009	0.016849
	401.583000	13875.557965	-23.346639	30.785068	-0.016994	0.016826
	402.129000	13872.340884	-23.299272	30.802511	-0.016976	0.016805
	402.672000	13871.150983	-23.258957	30.837888	-0.016953	0.016793
	403.218000	13877.369385	-23.206434	30.863543	-0.016931	0.016780
	403.762000	13879.726646	-23.174740	30.886878	-0.016910	0.016762
	404.307000	13880.580026	-23.111835	30.911828	-0.016895	0.016742
	404.845000	13877.065067	-23.079361	30.934372	-0.016873	0.016729
	405.386000	13874.617638	-23.030438	30.959966	-0.016856	0.016711
	405.928000	13874.735179	-22.992358	30.977751	-0.016836	0.016697
	406.471000	13882.244922	-22.953641	31.005999	-0.016814	0.016683
	407.011000	13890.479234	-22.895766	31.025316	-0.016794	0.016666
	407.551000	13882.261024	-22.856030	31.060369	-0.016773	0.016653
	408.095000	13884.671419	-22.814859	31.088151	-0.016749	0.016638
	408.635000	13890.490504	-22.755728	31.109857	-0.016733	0.016614
	409.180000	13881.262730	-22.712328	31.130565	-0.016711	0.016591
	409.720000	13878.952163	-22.680998	31.155407	-0.016676	0.016563
	410.265000	13890.746519	-22.621944	31.187771	-0.016664	0.016548
	410.804000	13881.576709	-22.573459	31.213560	-0.016656	0.016528
	411.347000	13886.191402	-22.547201	31.236932	-0.016653	0.016507
	411.889000	13878.643015	-22.487838	31.269092	-0.016653	0.016489
	412.435000	13890.851178	-22.440130	31.288806	-0.016653	0.016470
	412.974000	13888.067227	-22.392598	31.317299	-0.016647	0.016457
	413.513000	13893.897584	-22.354772	31.342666	-0.016634	0.016454
	414.056000	13888.939929	-22.306793	31.367687	-0.016625	0.016441
	414.600000	13886.373349	-22.260708	31.396353	-0.016623	0.016424
	415.142000	13883.732701	-22.231400	31.417002	-0.016618	0.016414
	415.686000	13888.690356	-22.170958	31.445541	-0.016608	0.016406
	416.232000	13895.528667	-22.131158	31.476625	-0.016603	0.016389
	416.776000	13886.397501	-22.081067	31.499861	-0.016602	0.016372
	417.321000	13891.047616	-22.037158	31.531835	-0.016598	0.016364
	417.863000	13891.026684	-21.991472	31.548965	-0.016590	0.016353
	418.407000	13889.514753	-21.961987	31.585403	-0.016575	0.016354
	418.946000	13887.411896	-21.896267	31.610758	-0.016570	0.016341
	419.493000	13896.419080	-21.859276	31.633743	-0.016570	0.016325
	420.034000	13877.092440	-21.817818	31.666975	-0.016573	0.016313
	420.573000	13892.200485	-21.766222	31.688336	-0.016572	0.016307
	421.113000	13887.093087	-21.731469	31.718657	-0.016566	0.016298
	421.652000	13876.202026	-21.666135	31.739928	-0.016560	0.016294
	422.196000	13890.257032	-21.634824	31.769770	-0.016559	0.016282
	422.737000	13884.545828	-21.591074	31.799257	-0.016556	0.016274
	423.278000	13886.089962	-21.544151	31.828381	-0.016550	0.016269
	423.822000	13890.335930	-21.485963	31.857558	-0.016547	0.016259
	424.368000	13883.900158	-21.455039	31.881445	-0.016545	0.016251
	424.912000	13886.518263	-21.408947	31.906189	-0.016546	0.016238
	425.459000	13887.342660	-21.358903	31.935548	-0.016542	0.016230
	426.002000	13887.442490	-21.324427	31.960468	-0.016543	0.016218
	426.543000	13885.553782	-21.267099	31.988579	-0.016536	0.016217
	427.089000	13885.386326	-21.218573	32.018625	-0.016532	0.016212
	427.630000	13876.227788	-21.167666	32.047019	-0.016526	0.016204
	428.175000	13878.707420	-21.121510	32.072224	-0.016521	0.016196
	428.717000	13880.011643	-21.092891	32.107927	-0.016515	0.016189
	429.260000	13879.792662	-21.035441	32.126657	-0.016516	0.016176
	429.803000	13878.963435	-20.985723	32.159292	-0.016520	0.016164
	430.348000	13877.713958	-20.968810	32.189261	-0.016521	0.016152
	430.887000	13879.053603	-20.904700	32.223944	-0.016521	0.016141
	431.430000	13874.218320	-20.852181	32.247055	-0.016523	0.016128
	431.979000	13871.927075	-20.806507	32.277873	-0.016527	0.016116
	432.518000	13878.081072	-20.772382	32.306980	-0.016527	0.016109
	433.067000	13872.823929	-20.723446	32.339123	-0.016528	0.016097
	433.605000	13878.994028	-20.672453	32.371089	-0.016524	0.016092
	434.147000	13860.221279	-20.647908	32.394350	-0.016523	0.016085
	434.687000	13864.839191	-20.585190	32.424382	-0.016515	0.016087
	435.236000	13868.540927	-20.538373	32.460159	-0.016505	0.016088
	435.773000	13862.420744	-20.502499	32.488452	-0.016503	0.016079
	436.317000	13864.438264	-20.453306	32.517083	-0.016500	0.016076
	436.858000	13863.259633	-20.410289	32.547273	-0.016494	0.016070
	437.400000	13876.306686	-20.374496	32.574429	-0.016490	0.016064
	437.943000	13857.730376	-20.331920	32.605290	-0.016484	0.016064
	438.489000	13861.931258	-20.263943	32.644054	-0.016481	0.016055
	439.030000	13855.299047	-20.227934	32.675125	-0.016479	0.016048
	439.575000	13853.577796	-20.183404	32.702672	-0.016478	0.016042
	440.120000	13857.145890	-20.128981	32.732955	-0.016476	0.016036
	440.659000	13850.729439	-20.078432	32.754930	-0.016474	0.016029
	441.203000	13854.117196	-20.049014	32.786879	-0.016476	0.016017
	441.740000	13851.494261	-19.998904	32.818959	-0.016475	0.016011
	442.280000	13844.639848	-19.953317	32.844344	-0.016472	0.016006
	442.819000	13841.728696	-19.912091	32.880015	-0.016468	0.016001
	443.363000	13850.349443	-19.853900	32.904684	-0.016464	0.015993
	443.901000	13835.569869	-19.822689	32.942311	-0.016469	0.015974
	444.446000	13835.545718	-19.766791	32.970250	-0.016422	0.015827
	444.993000	13842.171488	-19.736907	33.003652	-0.016365	0.015816
	445.528000	13838.764408	-19.680420	33.031048	-0.016348	0.015801
	446.076000	13830.262812	-19.637210	33.060883	-0.016335	0.015788
	446.615000	13829.161469	-19.611857	33.096343	-0.016327	0.015772
	447.160000	13829.314433	-19.542134	33.130465	-0.016325	0.015759
	447.700000	13824.706181	-19.495685	33.155420	-0.016325	0.015748
	448.245000	13821.997908	-19.468283	33.191964	-0.016321	0.015740
	448.785000	13817.086948	-19.419129	33.224624	-0.016319	0.015734
	449.331000	13818.763115	-19.375890	33.257330	-0.016316	0.015731
	449.869000	13810.667277	-19.322749	33.288034	-0.016319	0.015720
	450.412000	13807.266638	-19.284418	33.323035	-0.016318	0.015716
	450.954000	13808.620775	-19.233412	33.356031	-0.016312	0.015717
	451.492000	13801.581197	-19.179597	33.388371	-0.016314	0.015708
	452.036000	13800.626376	-19.146960	33.420251	-0.016314	0.015704
	452.576000	13795.729908	-19.090695	33.460265	-0.016311	0.015701
	453.124000	13802.766267	-19.041176	33.494363	-0.016315	0.015693
	453.664000	13808.256881	-19.009347	33.528066	-0.016314	0.015692
	454.207000	13794.483651	-18.956934	33.562486	-0.016313	0.015691
	454.749000	13793.887896	-18.913495	33.596641	-0.016313	0.015682
	455.294000	13781.979221	-18.873902	33.627704	-0.016310	0.015682
	455.838000	13783.982249	-18.832521	33.662807	-0.016308	0.015680
	456.383000	13780.367460	-18.775493	33.696529	-0.016307	0.015675
	456.925000	13784.101400	-18.730270	33.731633	-0.016306	0.015672
	457.471000	13780.774828	-18.695408	33.769700	-0.016305	0.015667
	458.012000	13776.908856	-18.649528	33.809910	-0.016304	0.015661
	458.553000	13773.579065	-18.596773	33.838590	-0.016302	0.015660
	459.097000	13755.060722	-18.552185	33.874663	-0.016303	0.015655
	459.634000	13760.817010	-18.514241	33.911362	-0.016306	0.015648
	460.178000	13750.281795	-18.466751	33.945466	-0.016307	0.015645
	460.724000	13740.161998	-18.409707	33.983416	-0.016301	0.015649
	461.268000	13749.752055	-18.372046	34.015265	-0.016297	0.015650
	461.809000	13741.665878	-18.314515	34.047378	-0.016294	0.015649
	462.352000	13745.597867	-18.275430	34.085757	-0.016292	0.015651
	462.896000	13734.254356	-18.237557	34.125581	-0.016287	0.015652
	463.440000	13732.637763	-18.196356	34.157753	-0.016283	0.015648
	463.981000	13723.369736	-18.139528	34.200198	-0.016280	0.015646
	464.524000	13722.854490	-18.100553	34.235206	-0.016280	0.015639
	465.069000	13721.601791	-18.049228	34.269763	-0.016283	0.015634
	465.610000	13728.668742	-18.014278	34.314076	-0.016283	0.015629
	466.154000	13710.519125	-17.972511	34.342454	-0.016255	0.015556
	466.693000	13707.909070	-17.915653	34.377811	-0.016248	0.015547
	467.240000	13704.018947	-17.867346	34.415431	-0.016244	0.015537
	467.782000	13697.742579	-17.826023	34.459178	-0.016243	0.015527
	468.325000	13693.733305	-17.789386	34.490914	-0.016246	0.015515
	468.865000	13696.014888	-17.738972	34.537601	-0.016241	0.015510
	469.407000	13683.718169	-17.697386	34.572695	-0.016237	0.015506
	469.946000	13682.339880	-17.645217	34.609548	-0.016232	0.015506
	470.486000	13679.871519	-17.598590	34.651183	-0.016228	0.015500
	471.029000	13671.250772	-17.561712	34.684058	-0.016221	0.015500
	471.569000	13670.642136	-17.515729	34.726161	-0.016212	0.015499
	472.113000	13657.413139	-17.463132	34.765982	-0.016209	0.015494
	472.650000	13652.785567	-17.431609	34.806679	-0.016209	0.015486
	473.198000	13651.726088	-17.372839	34.848752	-0.016207	0.015486
	473.738000	13641.192483	-17.325339	34.884476	-0.016199	0.015484
	474.283000	13637.667865	-17.296492	34.931358	-0.016196	0.015478
	474.822000	13647.143599	-17.228985	34.971101	-0.016204	0.015464
	475.365000	13627.718744	-17.203445	35.005279	-0.016198	0.015463
	475.908000	13609.685059	-17.136537	35.045718	-0.016197	0.015457
	476.451000	13615.834223	-17.111148	35.086938	-0.016198	0.015452
	476.990000	13611.660713	-17.069649	35.133878	-0.016193	0.015452
	477.532000	13589.843176	-17.010830	35.175091	-0.016187	0.015453
	478.073000	13591.335784	-16.959592	35.209537	-0.016182	0.015456
	478.615000	13569.128592	-16.915664	35.254232	-0.016175	0.015450
	479.160000	13569.709855	-16.864181	35.293041	-0.016174	0.015441
	479.703000	13576.627061	-16.852640	35.341183	-0.016175	0.015435
	480.247000	13559.939463	-16.784798	35.374838	-0.016174	0.015431
	480.789000	13546.299880	-16.743392	35.422499	-0.016175	0.015426
	481.342000	13527.003839	-16.693030	35.463466	-0.016170	0.015425
	481.881000	13528.620429	-16.656808	35.507979	-0.016167	0.015417
	482.426000	13521.957627	-16.604134	35.551742	-0.016169	0.015414
	482.968000	13514.013145	-16.570295	35.593327	-0.016170	0.015411
	483.505000	13507.823728	-16.516262	35.635367	-0.016168	0.015407
	484.049000	13484.824343	-16.476275	35.680269	-0.016169	0.015401
	484.588000	13464.642721	-16.423009	35.725064	-0.016167	0.015401
	485.134000	13469.244529	-16.383038	35.763619	-0.016162	0.015401
	485.674000	13470.795104	-16.342099	35.812785	-0.016161	0.015403
	486.217000	13451.967618	-16.289859	35.852951	-0.016159	0.015404
	486.759000	13441.369609	-16.233124	35.891578	-0.016155	0.015408
	487.299000	13424.791504	-16.193093	35.940946	-0.016150	0.015414
	487.840000	13418.457173	-16.155367	35.982293	-0.016143	0.015430
	488.386000	13403.790316	-16.115523	36.023446	-0.016140	0.015603
	488.929000	13394.942542	-16.054109	36.073763	-0.016137	0.015625
	489.471000	13378.068168	-16.013366	36.118032	-0.016133	0.015624
	490.014000	13370.257330	-15.977021	36.162987	-0.016131	0.015615
	490.552000	13356.645122	-15.928224	36.201340	-0.016130	0.015601
	491.093000	13335.813002	-15.889613	36.256034	-0.016130	0.015594
	491.631000	13326.691502	-15.834218	36.298912	-0.016130	0.015584
	492.178000	13310.541699	-15.790174	36.346037	-0.016134	0.015570
	492.720000	13298.692606	-15.738166	36.393247	-0.016137	0.015556
	493.265000	13283.375249	-15.692744	36.436960	-0.016137	0.015545
	493.805000	13268.136792	-15.661498	36.479802	-0.016135	0.015545
	494.347000	13248.059833	-15.615751	36.529900	-0.016130	0.015546
	494.885000	13232.608835	-15.562506	36.568436	-0.016125	0.015542
	495.450000	13212.807214	-15.520559	36.623873	-0.016121	0.015547
	495.988000	13195.098786	-15.476995	36.665223	-0.016112	0.015548
	496.530000	13171.009336	-15.427892	36.711018	-0.016108	0.015543
	497.077000	13157.057390	-15.388988	36.755542	-0.016104	0.015541
	497.619000	13137.912710	-15.328704	36.796392	-0.016104	0.015535
	498.166000	13114.623506	-15.280641	36.851621	-0.016104	0.015533
	498.707000	13103.743725	-15.243650	36.894859	-0.016100	0.015534
	499.253000	13077.058716	-15.199773	36.941676	-0.016095	0.015536
	499.793000	13049.850410	-15.153756	36.983273	-0.016090	0.015534
	500.337000	13034.694073	-15.112726	37.031730	-0.016089	0.015539
	500.879000	13013.248492	-15.064319	37.076900	-0.016085	0.015537
	501.420000	12981.784563	-15.017747	37.119761	-0.016086	0.015528
	501.964000	12965.679848	-14.976955	37.167744	-0.016084	0.015525
	502.504000	12946.966692	-14.925643	37.212120	-0.016083	0.015533
	503.048000	12917.079101	-14.874876	37.263293	-0.016080	0.015532
	503.597000	12888.167261	-14.838274	37.303750	-0.016081	0.015536
	504.143000	12861.986235	-14.790865	37.356942	-0.016077	0.015533
	504.685000	12841.991403	-14.734664	37.396446	-0.016076	0.015529
	505.230000	12813.050582	-14.705769	37.442073	-0.016076	0.015522
	505.770000	12787.333281	-14.661928	37.492261	-0.016075	0.015518
	506.316000	12755.386313	-14.609750	37.538165	-0.016073	0.015516
	506.860000	12726.965573	-14.555678	37.577904	-0.016066	0.015518
	507.403000	12692.307118	-14.521762	37.631933	-0.016060	0.015516
	507.946000	12657.304091	-14.470691	37.671232	-0.016059	0.015512
	508.487000	12633.820068	-14.433835	37.712111	-0.016055	0.015509
	509.029000	12597.741465	-14.384845	37.762231	-0.016054	0.015504
	509.570000	12566.147126	-14.334985	37.804255	-0.016052	0.015501
	510.120000	12524.114195	-14.288011	37.857908	-0.016052	0.015498
	510.659000	12491.352501	-14.252768	37.905282	-0.016044	0.015496
	511.204000	12445.904447	-14.203549	37.948100	-0.016047	0.015512
	511.745000	12414.066981	-14.159625	37.990251	-0.016060	0.015506
	512.290000	12376.193069	-14.106693	38.043685	-0.016055	0.015504
	512.836000	12343.313838	-14.066098	38.081701	-0.016055	0.015502
	513.382000	12298.057399	-14.011334	38.130909	-0.016057	0.015501
	513.922000	12258.289957	-13.975202	38.173519	-0.016055	0.015496
	514.465000	12218.298706	-13.942217	38.220718	-0.016056	0.015486
	515.006000	12173.819973	-13.883147	38.272399	-0.016059	0.015481
	515.546000	12125.064689	-13.846098	38.312706	-0.016053	0.015487
	516.088000	12082.485935	-13.795913	38.362034	-0.016052	0.015489
	516.629000	12029.547491	-13.749557	38.411110	-0.016050	0.015487
	517.172000	11981.252716	-13.717924	38.455409	-0.016049	0.015488
	517.713000	11933.402344	-13.651007	38.502001	-0.016047	0.015490
	518.257000	11876.234049	-13.619638	38.543768	-0.016041	0.015492
	518.797000	11832.114394	-13.565827	38.590926	-0.016040	0.015493
	519.337000	11764.451163	-13.514476	38.634826	-0.016037	0.015493
	519.878000	11709.025057	-13.479678	38.688062	-0.016033	0.015494
	520.421000	11656.828909	-13.435212	38.732153	-0.016035	0.015494
	520.963000	11590.754904	-13.382487	38.781893	-0.016035	0.015483
	521.507000	11528.023569	-13.346754	38.824283	-0.016039	0.015476
	522.051000	11466.005532	-13.289652	38.876471	-0.016040	0.015472
	522.590000	11394.861186	-13.248623	38.923784	-0.016042	0.015466
	523.137000	11318.818777	-13.194841	38.970234	-0.016043	0.015463
	523.678000	11244.330165	-13.159083	39.015934	-0.016045	0.015459
	524.220000	11175.593003	-13.105420	39.062596	-0.016042	0.015460
	524.760000	11102.749969	-13.077867	39.113090	-0.016040	0.015456
	525.307000	11015.009866	-13.028693	39.161095	-0.016046	0.015451
	525.847000	10931.543097	-12.971649	39.207944	-0.016047	0.015453
	526.391000	10836.558961	-12.945066	39.253505	-0.016047	0.015452
	526.935000	10744.273434	-12.898410	39.303060	-0.016046	0.015453
	527.476000	10649.810997	-12.836471	39.346839	-0.016042	0.015452
	528.020000	10540.617345	-12.791281	39.399901	-0.016042	0.015450
	528.559000	10437.593780	-12.760840	39.444845	-0.016039	0.015453
	529.103000	10331.237222	-12.711850	39.492268	-0.016036	0.015454
	529.647000	10212.231372	-12.656528	39.528116	-0.016035	0.015454
	530.192000	10086.538599	-12.610862	39.583789	-0.016034	0.015453
	530.733000	9957.214962	-12.583016	39.628674	-0.016029	0.015455
	531.279000	9811.699720	-12.539194	39.679857	-0.016027	0.015452
	531.821000	9654.968226	-12.482144	39.728489	-0.016028	0.015451
	532.365000	9485.600338	-12.439939	39.774706	-0.016029	0.015451
	532.907000	9324.748522	-12.386904	39.822579	-0.016024	0.015452
	533.450000	9119.635476	-12.338377	39.872659	-0.016022	0.015452
	533.996000	8895.525982	-12.294430	39.924773	-0.016023	0.015449
	534.540000	8658.060381	-12.238629	39.973428	-0.016024	0.015445
	535.082000	7712.286503	-12.210052	40.023216	-0.016027	0.015437
	535.619000	5892.098501	-12.169390	40.081289	-0.016029	0.015433
	536.162000	5329.312412	-12.124853	40.139256	-0.016028	0.015439
	536.702000	4743.878220	-12.080517	40.203300	-0.016029	0.015439
	537.244000	4322.353186	-12.030931	40.255711	-0.016030	0.015432
	537.786000	3905.795492	-11.979052	40.317681	-0.016035	0.015428
	538.334000	3426.387660	-11.932480	40.380303	-0.016035	0.015431
	538.876000	3079.322082	-11.895002	40.442880	-0.016035	0.015430
	539.417000	2733.567185	-11.844972	40.508449	-0.016037	0.015431
	539.963000	2390.974627	-11.800242	40.572353	-0.016035	0.015455
	540.506000	2048.543104	-11.752206	40.637710	-0.016029	0.015464
	541.052000	1677.829508	-11.710854	40.686149	-0.016027	0.015462
	541.595000	1264.606649	-11.666817	40.745332	-0.016028	0.015462
	542.138000	922.113991	-11.617875	40.806869	-0.016027	0.015462
	542.680000	539.285750	-11.585099	40.862086	-0.016028	0.015463
	543.223000	246.762156	-11.529961	40.916625	-0.016026	0.015471
	543.765000	26.669051	-11.483544	41.002101	-0.016027	0.015466
	544.311000	29.939243	-11.435674	41.108294	-0.016029	0.015464
	544.856000	25.076623	-11.393894	41.195451	-0.016033	0.015460
	545.396000	23.236235	-11.352118	41.305642	-0.016037	0.015456
